End of Run Costs
MLam	STLam
-6.020739767462453	-6.020740055520676
-6.020740054264549	-6.0207395895804146
-6.020739995912843	-0.9863254032839441
-6.020740047854352	-6.020278480696555
-6.020739993634349	-6.02073764175446
-6.020740044707324	-0.9863253177141367
-6.020740039506668	-6.020740055052485
-0.9863254027171396	-0.9863254058867097
-6.0207400555706085	-0.9863253026813387
-6.020740054148276	-6.020740055736402
-6.020740053177933	-6.020740055520724
-6.020740010464133	-6.020740053703564
-0.9863254046427637	-6.020740054197954
-6.020739821752653	-5.996942529477958
-6.02074005468413	-6.017028136223291
-6.0207400551169705	-6.020740007144279
-6.020740001546546	-6.020737907199539
-6.020740038213528	-6.020739462550806
-6.020740036766237	-6.020740046433443
-0.9863254044418278	-6.020740045922555
-6.020740030908176	-6.020739910658635
-0.9863254036080304	-6.020739949279662
-0.9863253924722076	-6.020730988057232
-6.020740025988854	-6.020739524885073
-6.020740051950438	-0.9863254045780695
-6.0207400199111785	-6.020739793824169
-0.9863254061664974	-6.02001042698452
-0.9863254062227472	-6.020739926799352
-6.020740052009722	-6.020740041535349
-6.020740054612663	-6.020740054520434
-6.02074003110049	-6.020728380884456
-0.9863253970882255	-6.020740055766994
-6.020740013255104	-6.020740010511093
-6.020740016507634	-6.020738947869736
-6.020740026410515	-6.020740055522377
-6.020739558249343	-6.020739720274632
-0.986325402580836	-0.9863254062584683
-6.020740039074081	-6.020740054442095
-6.0207400425867	-6.020740002565393
-6.020740050696643	-6.02073994284237
-6.0207399845091425	-6.0207400383994125
-6.02074003148071	-0.9863253900671219
-6.020740042177042	-6.0154399818978606
-6.0207400477418185	-6.0207400536113
-0.9863253694519832	-6.02074005138166
-0.9863254063200623	-6.005153845724245
-6.02073966453106	-6.01605423595735
-6.0207400160862905	-0.9863253979545606
-6.020740047574191	-6.020739987467097
-0.9863253936645243	-0.9863254027816409
-6.020740012296143	-6.0207395315162815
-6.0207400557012685	-2.8766889200191677
-0.9863253875884135	-6.020739185887908
-6.020740019282217	-2.7304981483896174
-6.02074003713635	-6.020740054294803
-0.9863254063206824	-6.020740050536863
-6.020740033680263	-6.020740054664954
-6.020740052983346	-6.020739948174859
-0.9863253902906888	-6.020740041012044
-6.020740046329126	-6.020740039247251
-6.020740055726772	-6.020739939038258
-6.020740055619401	-0.9863254061634669
-6.02074005560405	-6.02073887074814
-0.9863253034828199	-6.020740050548472
-0.9863254061968827	-6.020740055656739
-0.9863253661240688	-0.9863253974052542
-6.020740034587277	-6.020657196808812
-6.020740053087314	-6.020739712913566
-6.020740022596004	-6.020739784233992
-0.9863253756446496	-6.020733476489913
-6.020740047527757	-6.020740055322198
-6.020740021910483	-6.018262361047885
-6.020740051911709	-6.020740047004505
-6.020740038211052	-0.9863254046398028
-6.020740045193482	-6.020740052654408
-6.020739817718669	-0.9863253993252871
-6.020740015167574	-0.9863254041354095
-6.020740044234422	-6.020739072655724
-6.020740055756509	-6.02073969879611
-6.020740043832755	-6.0207400481355124
-6.020740055621584	-6.020740055766808
-6.020740041915353	-6.020739620335601
-6.020740030244538	-6.020740053512524
-6.020740040261309	-6.020739948811733
-6.020740035610901	-6.020740042181747
-0.986325380714283	-6.018082162561201
-6.020739854193584	-6.020739832533403
-0.9863253743655312	-6.020740033371776
-6.020740054482251	-6.020740023773414
-6.020740015079097	-6.020739823028133
-6.020740055623933	-5.959043729488103
-0.9863254034836626	-6.020740012891775
-0.9863253490681383	-0.9863254059084441
-6.020739910900836	-6.0207400557651445
-6.020740037814272	-6.020739200856939
-6.020740054391199	-0.9863253761315507
-6.020740052317574	-6.020739073004225
-0.9863254029317716	-6.020740055482272
-0.9863253945379948	-6.020740042377229
-6.020740010774789	-6.020740053588424
Acceptance Rate
0.68	1.0
0.6	0.82
0.64	0.67
0.63	0.66
0.57	0.59
0.6	0.59
0.59	0.57
0.56	0.51
0.65	0.53
0.51	0.49
0.57	0.46
0.47	0.45
0.61	0.53
0.56	0.49
0.48	0.52
0.51	0.43
0.54	0.44
0.46	0.41
0.46	0.39
0.5	0.5
0.46	0.5
0.59	0.43
0.41	0.47
0.49	0.49
0.46	0.43
0.4	0.44
0.48	0.49
0.42	0.38
0.47	0.41
0.39	0.45
0.48	0.48
0.39	0.43
0.45	0.46
0.41	0.43
0.48	0.41
0.41	0.46
0.41	0.43
0.44	0.38
0.47	0.54
0.36	0.46
0.41	0.39
0.39	0.44
0.43	0.41
0.4	0.41
0.41	0.47
0.43	0.5
0.4	0.43
0.46	0.51
0.46	0.38
0.49	0.52
0.44	0.47
0.35	0.51
0.42	0.56
0.45	0.34
0.45	0.32
0.4	0.47
0.44	0.48
0.4	0.45
0.41	0.41
0.44	0.42
0.47	0.49
0.39	0.5
0.32	0.42
0.36	0.44
0.37	0.41
0.41	0.52
0.39	0.52
0.44	0.38
0.44	0.43
0.49	0.48
0.4	0.48
0.43	0.44
0.42	0.49
0.38	0.42
0.49	0.41
0.45	0.38
0.47	0.47
0.39	0.39
0.38	0.55
0.52	0.43
0.43	0.51
0.38	0.46
0.39	0.47
0.37	0.4
0.44	0.45
0.5	0.47
0.4	0.4
0.41	0.38
0.39	0.52
0.48	0.47
0.37	0.48
0.44	0.45
0.49	0.41
0.48	0.53
0.53	0.47
0.42	0.33
0.43	0.45
0.38	0.43
0.49	0.46
0.39	0.54
0.43	0.5
0.38	0.46
0.48	0.49
0.39	0.47
0.47	0.53
0.36	0.45
0.5	0.5
0.42	0.45
0.53	0.54
0.41	0.4
0.44	0.47
0.44	0.41
0.4	0.5
0.35	0.41
0.42	0.55
0.38	0.37
0.46	0.48
0.42	0.42
0.36	0.47
0.45	0.45
0.46	0.38
0.5	0.46
0.39	0.33
0.38	0.46
0.39	0.49
0.44	0.35
0.39	0.34
0.44	0.4
0.54	0.49
0.41	0.44
0.39	0.36
0.42	0.45
0.45	0.31
0.38	0.3
0.35	0.29
0.39	0.18
0.35	0.22
0.34	0.22
0.36	0.22
0.33	0.19
0.4	0.18
0.27	0.13
0.4	0.19
0.31	0.12
0.3	0.1
0.31	0.14
0.32	0.08
0.34	0.1
0.24	0.08
0.31	0.07
0.31	0.1
0.29	0.07
0.3	0.08
0.32	0.08
0.23	0.04
0.23	0.07
0.25	0.02
0.25	0.05
0.24	0.01
0.15	0.02
0.23	0.01
0.22	0.06
0.21	0.01
0.16	0.02
0.24	0.02
0.21	0.01
0.16	0.03
0.2	0.01
0.2	0.02
0.18	0.03
0.16	0.01
0.26	0.01
0.19	0.01
0.22	0.01
0.14	0.04
0.2	0.02
0.13	0.01
0.21	0.01
0.22	0.02
0.17	0.01
0.12	0.01
0.16	0.0
0.15	0.0
0.11	0.01
0.15	0.0
0.11	0.04
0.09	0.01
0.08	0.01
0.17	0.03
0.1	0.03
0.11	0.01
0.11	0.02
0.12	0.0
0.13	0.0
0.13	0.01
0.09	0.0
0.06	0.0
0.05	0.01
0.18	0.0
0.1	0.01
0.09	0.01
