End of Run Costs
MLam	STLam
446.22708405293474	66.50951256352116
446.2270915554765	66.50951237568555
446.2270836615277	66.50951293264917
66.50951230575232	66.50951440337103
66.5095125061251	66.5095152795871
66.50951341706701	66.50951269399927
66.50951708235829	66.50951244538507
66.50951525483092	66.50951244054033
66.5095125605717	66.50951236040123
446.227083611897	66.50951235232804
66.50951231218576	66.50951231447894
66.50951620569768	66.50951272290477
66.50951230893281	66.50951233150568
66.50951231843916	66.50951452025886
66.50951235582303	66.50951259458333
66.50951320265337	66.50951360619209
66.5095128178895	66.50951415885187
446.22708357882067	66.5095130783831
446.22708422967287	66.50951237562958
66.50951394869597	66.5095124922261
66.50951243934963	66.50951243770642
66.50951293610899	66.5095123046406
446.2270971418378	66.50951302404238
66.50951306332855	66.509513029363
66.50951231329891	66.50951231093654
66.50951277925108	66.50951328174219
66.50951612240252	66.50951470672473
66.50951269679749	66.50951386013126
446.227084709101	66.50951275674295
66.50951412743788	66.50953251120538
66.50951239026712	66.50951357617191
446.22708373965503	66.50951856885908
446.2270851150958	66.50951524299504
446.227083612707	66.50951230530175
446.2270847182511	66.50951399303713
66.50951965765026	66.50951289255546
66.5095129003368	66.50951248880075
66.50951248612485	66.50951231676991
446.22708480725015	66.50951260695041
66.50951235797775	66.50951248818826
66.50951450831029	66.50951249894162
66.50951231310759	66.50951238403975
66.50951231085801	66.50951307117454
446.2270845024653	66.50951234263775
446.22708367769894	66.50951425037368
66.50951263708107	66.50953555985896
66.50951255502449	66.50951242949202
446.2270850299845	66.50951769549707
66.50951243545613	66.5095123175634
66.50951322892399	66.50951547083083
66.50951232379097	66.50951231334865
446.2271026478637	66.5095123064499
66.5095129825982	66.50951250358031
66.50951321321	66.50951882346217
446.2270870256054	66.50951246024137
66.50951287811723	66.50951408209966
66.50951230623976	66.50951256440285
66.50951762872053	66.50951236910333
66.5095123158312	66.50951257577704
66.50951237411266	66.50951235805786
66.50951251794241	66.50951251226233
66.50951324381876	66.50951235700218
66.50951450927477	66.50951273700355
66.50951251751582	66.50951487867216
66.5095137727028	66.50951244684774
446.2270879985125	66.5095148658038
66.50951246065517	66.50951374531093
66.50951247822307	66.50951239988049
66.50951386443724	66.50951231350967
66.50952810651383	66.50951304992941
66.50951230816675	66.50951243087562
66.50952626490837	66.50951231596176
66.50951386999537	66.50951231186335
66.50951232898485	66.50951296452502
66.50951452890128	66.50951523119319
446.22708382654207	66.50951258963511
446.22708405064435	66.50951230682081
66.50951470207272	66.50951231201603
66.509513019935	66.50951234403362
446.2270854477443	66.50951453493707
66.50951238361174	66.50951254917868
66.50951232200555	66.50951239704304
66.50951230798574	66.5095133111901
66.5095308982604	66.50951275591383
446.2270844487092	66.50951574887758
66.50951243569665	66.50952054642651
66.50952022482235	66.50951489475014
66.50951230944715	66.50951235913327
66.50951345863207	66.50951264210772
446.22708584610643	66.509512304643
446.2270879209086	66.50951393915001
446.227092570607	66.50951236168359
66.50951238549636	66.50951238424776
66.50951291245448	66.50951284475823
446.2270839457751	66.50951273022052
66.50951259267721	66.509512387898
66.50951806039788	66.50951230761405
66.50951235305618	66.50951240288467
66.50951239639733	66.5095123708106
446.2270836068144	66.5095130854521
Acceptance Rate
0.47	1.0
0.17	0.82
0.1	0.72
0.11	0.65
0.15	0.67
0.12	0.56
0.12	0.53
0.16	0.53
0.09	0.52
0.1	0.47
0.15	0.57
0.19	0.48
0.06	0.45
0.11	0.42
0.09	0.5
0.14	0.51
0.16	0.41
0.08	0.43
0.16	0.42
0.15	0.49
0.21	0.45
0.21	0.36
0.15	0.41
0.21	0.47
0.18	0.45
0.23	0.41
0.18	0.45
0.23	0.47
0.19	0.49
0.22	0.45
0.19	0.51
0.17	0.42
0.19	0.44
0.33	0.37
0.24	0.45
0.21	0.43
0.25	0.5
0.19	0.38
0.23	0.42
0.28	0.59
0.24	0.41
0.35	0.43
0.24	0.5
0.22	0.42
0.29	0.5
0.36	0.45
0.37	0.52
0.35	0.35
0.35	0.53
0.41	0.4
0.33	0.45
0.34	0.47
0.42	0.51
0.25	0.43
0.3	0.42
0.38	0.43
0.32	0.55
0.41	0.42
0.41	0.52
0.4	0.43
0.4	0.54
0.38	0.52
0.47	0.37
0.47	0.44
0.38	0.43
0.53	0.41
0.49	0.52
0.45	0.46
0.47	0.48
0.44	0.53
0.47	0.37
0.46	0.39
0.47	0.43
0.52	0.39
0.45	0.46
0.43	0.45
0.53	0.35
0.5	0.49
0.4	0.37
0.52	0.51
0.38	0.44
0.44	0.35
0.43	0.43
0.4	0.44
0.46	0.49
0.51	0.43
0.39	0.44
0.46	0.48
0.48	0.46
0.42	0.4
0.41	0.49
0.49	0.4
0.42	0.44
0.44	0.29
0.43	0.53
0.47	0.45
0.42	0.37
0.55	0.5
0.55	0.47
0.38	0.54
0.4	0.4
0.37	0.41
0.43	0.42
0.52	0.47
0.52	0.46
0.51	0.41
0.47	0.39
0.48	0.44
0.42	0.41
0.43	0.46
0.54	0.49
0.44	0.43
0.45	0.38
0.42	0.41
0.43	0.37
0.53	0.45
0.46	0.39
0.44	0.47
0.43	0.54
0.47	0.48
0.36	0.42
0.36	0.39
0.4	0.44
0.39	0.44
0.49	0.27
0.41	0.46
0.46	0.46
0.48	0.44
0.46	0.46
0.44	0.48
0.52	0.39
0.43	0.29
0.41	0.31
0.43	0.32
0.44	0.36
0.44	0.24
0.3	0.2
0.38	0.19
0.35	0.24
0.42	0.22
0.42	0.15
0.45	0.14
0.31	0.13
0.37	0.2
0.34	0.13
0.41	0.1
0.33	0.11
0.39	0.12
0.38	0.13
0.35	0.07
0.26	0.06
0.33	0.11
0.32	0.04
0.26	0.07
0.27	0.06
0.38	0.05
0.24	0.05
0.23	0.03
0.23	0.04
0.18	0.06
0.29	0.03
0.24	0.05
0.23	0.02
0.17	0.05
0.24	0.01
0.21	0.02
0.27	0.01
0.2	0.01
0.2	0.01
0.24	0.02
0.14	0.01
0.2	0.02
0.18	0.02
0.14	0.0
0.17	0.03
0.18	0.0
0.17	0.02
0.22	0.01
0.12	0.02
0.1	0.01
0.13	0.01
0.16	0.01
0.11	0.01
0.16	0.02
0.12	0.0
0.15	0.01
0.17	0.01
0.08	0.0
0.13	0.0
0.1	0.0
0.12	0.02
0.13	0.0
0.06	0.01
0.06	0.0
0.1	0.0
0.09	0.01
0.17	0.02
0.08	0.0
0.11	0.01
0.1	0.0
0.1	0.0
