End of Run Costs
MLam	STLam
0.6650951230469984	0.6650951230468527
0.6650951230469317	0.6650951230711293
0.6650951230464397	0.6650951230533053
0.6650951230463624	0.6650951230481983
0.6650951230464566	0.6650951230465143
0.6650951230463704	0.6650951230464361
0.6650951230465596	0.665095123046715
0.6650951230464752	0.6650951230476645
0.6650951230463793	0.6650951230467284
0.6650951230466129	0.6650951230483813
0.6650951230466271	0.6650951230465161
0.6650951230467079	0.6650951230483191
0.665095123058844	0.6650951230464246
0.6650951230476911	0.6650951230525619
0.6650951230466333	0.6650951230463615
0.6650951230482676	0.6650951230464237
0.6650951230463988	0.6650951230482862
0.6650951230514188	0.6650951230495705
0.6650951230464139	0.6650951230464379
0.6650951230464885	0.6650951230469238
0.6650951230465756	0.665095123046398
0.6650951230485314	0.6650951230464086
0.6650951230465401	0.6650951230470463
0.6650951230481379	0.6650951230475854
0.6650951230465019	0.6650951230472684
0.6650951230464868	0.6650951230486575
0.66509512304693	0.6650951230465489
0.6650951230466591	0.6650951230487117
0.6650951230478732	0.665095123046898
0.6650951230463642	0.6650951230464406
0.6650951230465241	0.6650951230464646
0.6650951230474957	0.665095123057708
0.6650951230478199	0.6650951230471964
0.6650951230464548	0.6650951230465294
0.6650951230464708	0.6650951230468936
0.6650951230470827	0.6650951230469335
0.6650951230476094	0.6650951230479221
0.6650951230465028	0.6650951230464157
0.66509512304685	0.6650951230464468
0.6650951230478164	0.665095123046525
0.6650951230467905	0.6650951230522741
0.6650951230465276	0.6650951230467355
0.6650951230468563	0.6650951230472506
0.6650951230463669	0.6650951230465241
0.665095123048518	0.6650951230463971
0.6650951230464202	0.665095123046382
0.665095123046684	0.6650951230468953
0.6650951230475313	0.6650951230481015
0.6650951230476849	0.6650951230463642
0.6650951230464202	0.6650951230465383
0.6650951230467612	0.6650951230463615
0.6650951230465072	0.6650951230466271
0.6650951230468305	0.6650951230488635
0.6650951230464992	0.665095123046564
0.6650951230466617	0.665095123046469
0.6650951230469531	0.6650951230477489
0.6650951230463642	0.6650951230464521
0.665095123046533	0.6650951230463624
0.6650951230468971	0.6650951230463615
0.6650951230466307	0.6650951230463829
0.6650951230464477	0.6650951230463624
0.6650951230466928	0.6650951230481121
0.6650951230486228	0.6650951230482764
0.6650951230463766	0.6650951230472355
0.665095123046819	0.6650951230716498
0.6650951230464575	0.6650951230467257
0.6650951230465179	0.6650951230465711
0.6650951230477595	0.6650951230464788
0.6650951230481157	0.6650951230468172
0.6650951230463624	0.6650951230463633
0.6650951230470259	0.6650951230491584
0.6650951230465072	0.6650951230464663
0.6650951230470561	0.6650951230475153
0.6650951230473678	0.6650951230469273
0.6650951230463651	0.6650951230495457
0.6650951230468181	0.665095123046398
0.6650951230463615	0.6650951230471085
0.6650951230508779	0.6650951230467772
0.6650951230471707	0.6650951230463615
0.6650951230464983	0.6650951230464575
0.6650951230463837	0.6650951230464841
0.665095123046421	0.6650951230464734
0.6650951230468571	0.6650951230463633
0.6650951230463615	0.6650951230469078
0.6650951230463766	0.6650951230463829
0.6650951230478102	0.6650951230463624
0.6650951230466902	0.6650951230617395
0.6650951230464184	0.6650951230463615
0.6650951230463908	0.6650951230466688
0.6650951230464468	0.6650951230477178
0.6650951230485322	0.6650951230464122
0.6650951230487321	0.6650951230465454
0.665095123047176	0.6650951230463678
0.6650951230464068	0.6650951230463615
0.6650951230463846	0.6650951230470268
0.665095123049368	0.665095123047081
0.6650951230466049	0.6650951230544697
0.6650951230471751	0.6650951230465143
0.6650951230491255	0.6650951230464592
0.6650951230477302	0.6650951230464397
Acceptance Rate
0.69	1.0
0.83	0.87
0.74	0.8
0.75	0.7
0.65	0.63
0.64	0.58
0.63	0.5
0.47	0.54
0.46	0.64
0.55	0.59
0.44	0.55
0.48	0.47
0.38	0.47
0.57	0.46
0.56	0.39
0.44	0.46
0.46	0.47
0.46	0.42
0.41	0.41
0.48	0.49
0.41	0.43
0.48	0.42
0.58	0.42
0.46	0.47
0.51	0.41
0.46	0.46
0.37	0.39
0.37	0.45
0.49	0.46
0.47	0.4
0.45	0.46
0.45	0.44
0.47	0.5
0.45	0.42
0.44	0.4
0.36	0.46
0.45	0.44
0.38	0.48
0.44	0.43
0.55	0.41
0.42	0.37
0.42	0.38
0.48	0.49
0.43	0.43
0.32	0.46
0.42	0.52
0.43	0.46
0.37	0.48
0.46	0.42
0.51	0.45
0.38	0.54
0.42	0.4
0.48	0.53
0.39	0.35
0.51	0.42
0.43	0.47
0.46	0.45
0.43	0.53
0.46	0.47
0.51	0.43
0.41	0.48
0.42	0.38
0.41	0.4
0.54	0.46
0.42	0.37
0.37	0.39
0.42	0.45
0.44	0.31
0.46	0.5
0.5	0.47
0.41	0.48
0.45	0.44
0.37	0.39
0.46	0.45
0.42	0.39
0.43	0.45
0.32	0.46
0.3	0.44
0.52	0.43
0.44	0.44
0.55	0.41
0.38	0.46
0.41	0.45
0.44	0.41
0.49	0.46
0.49	0.42
0.49	0.54
0.46	0.4
0.38	0.38
0.48	0.37
0.47	0.42
0.45	0.39
0.51	0.37
0.55	0.48
0.42	0.37
0.42	0.42
0.39	0.46
0.44	0.5
0.46	0.5
0.48	0.44
0.46	0.41
0.33	0.43
0.46	0.57
0.4	0.4
0.54	0.43
0.44	0.49
0.51	0.47
0.42	0.41
0.4	0.47
0.39	0.47
0.48	0.42
0.47	0.5
0.54	0.47
0.46	0.47
0.4	0.44
0.45	0.41
0.41	0.42
0.46	0.4
0.44	0.45
0.44	0.39
0.46	0.42
0.47	0.5
0.34	0.37
0.56	0.41
0.45	0.45
0.38	0.49
0.37	0.53
0.43	0.5
0.46	0.42
0.46	0.42
0.5	0.4
0.45	0.34
0.37	0.31
0.35	0.33
0.33	0.28
0.26	0.28
0.26	0.25
0.33	0.21
0.22	0.22
0.17	0.23
0.18	0.19
0.16	0.13
0.18	0.14
0.14	0.09
0.18	0.12
0.12	0.06
0.17	0.09
0.07	0.15
0.06	0.05
0.15	0.09
0.05	0.04
0.07	0.06
0.04	0.03
0.07	0.13
0.06	0.04
0.08	0.04
0.05	0.04
0.09	0.07
0.02	0.04
0.01	0.02
0.07	0.06
0.04	0.04
0.02	0.01
0.06	0.03
0.03	0.0
0.03	0.01
0.03	0.01
0.01	0.01
0.0	0.0
0.0	0.01
0.0	0.01
0.0	0.01
0.0	0.03
0.02	0.01
0.01	0.01
0.03	0.02
0.01	0.01
0.0	0.0
0.01	0.0
0.0	0.01
0.0	0.01
0.0	0.01
0.0	0.0
0.0	0.0
0.02	0.0
0.0	0.0
0.0	0.0
0.01	0.01
0.02	0.0
0.0	0.0
0.0	0.0
0.0	0.0
0.0	0.0
0.0	0.0
0.0	0.0
0.0	0.0
0.0	0.0
0.0	0.0
0.0	0.0
0.0	0.0
0.0	0.0
