End of Run Costs
MLam	STLam
36	84
27	90
39	87
21	102
24	87
33	81
12	75
15	75
18	69
24	93
30	72
36	69
30	90
30	96
33	66
21	72
27	81
27	84
18	75
36	81
36	108
12	69
21	54
24	108
21	51
36	111
27	93
27	81
21	60
42	93
36	111
33	57
42	75
12	78
33	93
27	81
27	69
15	75
33	81
30	108
27	72
33	72
36	57
33	87
39	72
27	84
27	78
12	75
24	81
18	63
30	87
27	75
33	81
24	72
27	69
42	93
42	81
18	75
21	93
21	63
36	69
21	63
33	69
21	78
24	72
21	78
18	111
24	75
33	87
27	51
45	81
42	105
33	90
39	102
39	87
12	72
18	78
27	99
27	60
30	66
39	75
15	87
15	93
33	69
39	78
30	75
24	72
30	72
21	90
21	66
33	90
33	72
21	87
27	87
15	69
27	63
15	90
21	75
33	96
30	69
Acceptance Rate
0.52	1.0
0.5	1.0
0.5	1.0
0.6	1.0
0.46	1.0
0.46	1.0
0.47	1.0
0.45	1.0
0.46	1.0
0.49	1.0
0.53	0.83
0.5	0.72
0.47	0.74
0.5	0.85
0.58	0.81
0.49	0.76
0.49	0.85
0.54	0.79
0.48	0.75
0.46	0.68
0.49	0.73
0.5	0.69
0.43	0.71
0.54	0.74
0.42	0.6
0.6	0.73
0.45	0.66
0.55	0.69
0.45	0.65
0.36	0.59
0.52	0.72
0.48	0.68
0.5	0.67
0.39	0.69
0.36	0.62
0.47	0.64
0.46	0.49
0.45	0.61
0.47	0.66
0.38	0.53
0.51	0.58
0.39	0.58
0.45	0.57
0.59	0.55
0.47	0.6
0.45	0.52
0.35	0.72
0.43	0.6
0.48	0.55
0.44	0.57
0.41	0.7
0.48	0.57
0.37	0.49
0.39	0.54
0.44	0.52
0.45	0.48
0.44	0.55
0.4	0.56
0.41	0.43
0.41	0.5
0.36	0.55
0.43	0.51
0.32	0.46
0.4	0.44
0.44	0.48
0.35	0.57
0.4	0.58
0.45	0.47
0.32	0.48
0.43	0.55
0.37	0.47
0.36	0.44
0.34	0.39
0.42	0.47
0.35	0.42
0.48	0.51
0.37	0.46
0.38	0.41
0.28	0.42
0.47	0.5
0.4	0.57
0.4	0.47
0.35	0.56
0.35	0.51
0.39	0.51
0.4	0.44
0.38	0.48
0.41	0.48
0.44	0.47
0.41	0.46
0.2	0.46
0.35	0.49
0.38	0.42
0.4	0.37
0.37	0.45
0.36	0.5
0.41	0.46
0.37	0.46
0.43	0.52
0.34	0.48
0.36	0.47
0.36	0.48
0.33	0.47
0.36	0.48
0.34	0.44
0.38	0.54
0.24	0.43
0.41	0.41
0.3	0.36
0.45	0.4
0.41	0.42
0.37	0.5
0.44	0.42
0.34	0.42
0.4	0.36
0.34	0.36
0.34	0.49
0.29	0.37
0.32	0.51
0.36	0.41
0.29	0.4
0.37	0.41
0.34	0.48
0.37	0.46
0.34	0.52
0.38	0.45
0.39	0.51
0.26	0.47
0.37	0.45
0.25	0.41
0.29	0.41
0.36	0.44
0.29	0.47
0.42	0.41
0.4	0.56
0.24	0.5
0.27	0.44
0.32	0.4
0.28	0.43
0.31	0.39
0.4	0.39
0.3	0.42
0.37	0.34
0.3	0.38
0.28	0.38
0.36	0.48
0.32	0.44
0.21	0.44
0.31	0.4
0.3	0.36
0.32	0.43
0.33	0.4
0.28	0.34
0.26	0.47
0.31	0.44
0.36	0.45
0.38	0.46
0.31	0.48
0.29	0.38
0.29	0.38
0.35	0.35
0.29	0.45
0.33	0.41
0.27	0.44
0.32	0.42
0.25	0.43
0.3	0.44
0.32	0.55
0.28	0.46
0.22	0.4
0.33	0.43
0.3	0.43
0.26	0.36
0.29	0.38
0.2	0.44
0.34	0.34
0.23	0.42
0.3	0.4
0.29	0.42
0.24	0.41
0.26	0.44
0.26	0.37
0.32	0.51
0.38	0.42
0.33	0.45
0.31	0.5
0.24	0.52
0.26	0.43
0.31	0.54
0.21	0.38
0.35	0.46
0.28	0.38
0.25	0.4
0.26	0.45
0.28	0.43
0.27	0.38
0.26	0.42
0.23	0.48
0.22	0.5
0.18	0.45
0.2	0.38
0.25	0.43
0.25	0.45
0.25	0.47
0.21	0.44
0.21	0.44
0.31	0.41
0.26	0.45
0.3	0.45
0.28	0.47
0.25	0.38
0.3	0.51
0.26	0.44
0.21	0.43
0.26	0.43
0.26	0.41
0.21	0.36
0.21	0.33
0.27	0.39
0.24	0.44
0.29	0.43
0.27	0.42
0.24	0.5
0.28	0.38
0.25	0.37
0.32	0.42
0.31	0.34
0.27	0.39
0.27	0.47
0.27	0.49
0.32	0.45
0.18	0.38
0.32	0.42
0.26	0.51
0.23	0.4
0.2	0.45
0.2	0.45
0.25	0.42
0.22	0.48
0.25	0.35
0.26	0.39
0.25	0.48
0.28	0.53
0.23	0.44
0.24	0.38
0.19	0.48
0.29	0.37
0.26	0.4
0.28	0.44
0.21	0.45
0.18	0.41
0.24	0.45
0.14	0.43
0.25	0.49
0.29	0.51
0.25	0.48
0.24	0.47
0.26	0.36
0.23	0.44
0.25	0.45
0.17	0.43
0.2	0.53
0.28	0.47
0.21	0.45
0.2	0.52
0.17	0.43
0.2	0.36
0.19	0.45
0.16	0.51
0.34	0.45
0.18	0.45
0.23	0.44
0.2	0.51
0.24	0.48
0.25	0.34
0.24	0.49
0.23	0.44
0.22	0.43
0.2	0.43
0.17	0.48
0.25	0.52
0.21	0.45
0.18	0.44
0.21	0.48
0.16	0.47
0.23	0.44
0.19	0.45
0.25	0.47
0.21	0.4
0.15	0.37
0.23	0.38
0.2	0.44
0.21	0.44
0.27	0.44
0.18	0.43
0.2	0.34
0.16	0.45
0.23	0.44
0.17	0.43
0.23	0.46
0.16	0.44
0.19	0.35
0.23	0.43
0.18	0.42
0.17	0.37
0.14	0.44
0.14	0.44
0.25	0.4
0.22	0.49
0.24	0.53
0.21	0.47
0.15	0.47
0.21	0.41
0.21	0.51
0.16	0.41
0.21	0.5
0.14	0.42
0.2	0.49
0.11	0.44
0.21	0.45
0.16	0.47
0.14	0.4
0.26	0.39
0.24	0.36
0.23	0.47
0.22	0.41
0.19	0.47
0.27	0.53
0.13	0.48
0.21	0.44
0.15	0.41
0.2	0.37
0.11	0.53
0.17	0.47
0.12	0.4
0.13	0.46
0.18	0.51
0.2	0.42
0.14	0.45
0.17	0.44
0.21	0.48
0.19	0.41
0.2	0.49
0.09	0.34
0.13	0.49
0.18	0.43
0.17	0.47
0.16	0.49
0.21	0.36
0.18	0.41
0.18	0.41
0.17	0.55
0.14	0.37
0.13	0.38
0.16	0.4
0.15	0.46
0.24	0.43
0.22	0.43
0.07	0.42
0.22	0.45
0.2	0.49
0.14	0.38
0.16	0.43
0.15	0.44
0.24	0.41
0.17	0.54
0.13	0.45
0.19	0.42
0.13	0.34
0.19	0.44
0.14	0.43
0.13	0.39
0.17	0.47
0.15	0.47
0.13	0.37
0.13	0.49
0.17	0.46
0.15	0.52
0.18	0.41
0.12	0.49
0.09	0.45
0.15	0.4
0.2	0.45
0.21	0.49
0.15	0.44
0.12	0.51
0.14	0.45
0.15	0.5
0.17	0.39
0.2	0.43
0.18	0.45
0.09	0.38
0.17	0.42
0.15	0.38
0.14	0.43
0.14	0.4
0.12	0.43
0.11	0.46
0.12	0.33
0.16	0.48
0.15	0.48
0.16	0.44
0.2	0.47
0.14	0.38
0.16	0.38
0.16	0.47
0.15	0.35
0.16	0.42
0.17	0.42
0.08	0.5
0.19	0.49
0.1	0.4
0.14	0.46
0.14	0.45
0.19	0.45
0.18	0.45
0.14	0.44
0.13	0.44
0.11	0.51
0.16	0.4
0.09	0.46
0.17	0.44
0.12	0.43
0.14	0.45
0.17	0.47
0.1	0.48
0.08	0.47
0.13	0.43
0.16	0.45
0.12	0.44
0.15	0.47
0.09	0.42
0.18	0.41
0.14	0.42
0.17	0.42
0.14	0.41
0.11	0.4
0.11	0.41
0.15	0.43
0.15	0.34
0.16	0.48
0.06	0.43
0.09	0.47
0.21	0.44
0.2	0.42
0.1	0.33
0.17	0.53
0.11	0.54
0.13	0.42
0.19	0.44
0.1	0.49
0.15	0.54
0.17	0.46
0.1	0.33
0.12	0.5
0.07	0.39
0.11	0.41
0.11	0.44
0.1	0.59
0.11	0.43
0.1	0.39
0.08	0.37
0.08	0.35
0.08	0.39
0.11	0.44
0.15	0.53
0.12	0.48
0.08	0.41
0.14	0.5
0.13	0.52
0.1	0.46
0.13	0.43
0.06	0.43
0.12	0.34
0.07	0.44
0.13	0.53
0.1	0.46
0.08	0.48
0.17	0.39
0.14	0.4
0.13	0.42
0.09	0.47
0.13	0.41
0.17	0.45
0.12	0.45
0.12	0.47
0.11	0.42
0.13	0.4
0.15	0.52
0.07	0.45
0.11	0.52
0.08	0.44
0.09	0.52
0.07	0.5
0.1	0.45
0.07	0.45
0.12	0.52
0.08	0.46
0.14	0.36
0.08	0.49
0.08	0.43
0.09	0.47
0.13	0.46
0.08	0.42
0.09	0.33
0.15	0.43
0.12	0.4
0.12	0.43
0.1	0.44
0.13	0.39
0.14	0.45
0.19	0.37
0.07	0.49
0.1	0.39
0.16	0.42
0.12	0.49
0.12	0.42
0.12	0.57
0.08	0.41
0.13	0.49
0.13	0.48
0.1	0.47
0.08	0.44
0.12	0.44
0.1	0.4
0.13	0.41
0.08	0.5
0.11	0.38
0.06	0.45
0.11	0.42
0.12	0.44
0.09	0.42
0.05	0.48
0.07	0.44
0.02	0.41
0.09	0.36
0.09	0.39
0.11	0.45
0.06	0.51
0.09	0.47
0.06	0.53
0.1	0.48
0.1	0.44
0.11	0.44
0.07	0.39
0.07	0.41
0.11	0.41
0.12	0.51
0.1	0.41
0.14	0.44
0.11	0.47
0.08	0.43
0.12	0.46
0.08	0.42
0.11	0.43
0.12	0.36
0.11	0.44
0.07	0.45
0.06	0.36
0.15	0.43
0.08	0.49
0.09	0.42
0.11	0.51
0.13	0.51
0.08	0.49
0.13	0.49
0.14	0.45
0.12	0.4
0.07	0.45
0.07	0.46
0.09	0.46
0.09	0.42
0.05	0.4
0.07	0.44
0.13	0.45
0.12	0.39
0.08	0.47
0.08	0.36
0.11	0.47
0.11	0.44
0.12	0.41
0.04	0.37
0.08	0.49
0.1	0.52
0.09	0.41
0.09	0.41
0.09	0.46
0.12	0.43
0.1	0.47
0.1	0.5
0.11	0.43
0.01	0.47
0.11	0.5
0.14	0.44
0.09	0.42
0.12	0.48
0.09	0.5
0.14	0.39
0.11	0.58
0.08	0.39
0.05	0.39
0.02	0.39
0.1	0.46
0.11	0.49
0.09	0.39
0.04	0.4
0.07	0.46
0.06	0.44
0.07	0.44
0.12	0.41
0.08	0.44
0.09	0.48
0.1	0.46
0.07	0.49
0.07	0.42
0.08	0.46
0.13	0.41
0.06	0.34
0.08	0.49
0.08	0.49
0.08	0.48
0.07	0.51
0.1	0.4
0.03	0.38
0.07	0.5
0.08	0.43
0.06	0.52
0.09	0.46
0.14	0.48
0.14	0.43
0.05	0.4
0.12	0.45
0.17	0.46
0.07	0.47
0.12	0.44
0.08	0.43
0.07	0.45
0.11	0.43
0.14	0.39
0.11	0.37
0.03	0.36
0.08	0.43
0.08	0.38
0.09	0.52
0.03	0.45
0.09	0.51
0.09	0.38
0.07	0.44
0.04	0.43
0.08	0.52
0.05	0.4
0.11	0.48
0.09	0.43
0.1	0.49
0.06	0.42
0.05	0.42
0.04	0.33
0.06	0.37
0.03	0.39
0.04	0.32
0.07	0.35
0.08	0.36
0.09	0.42
0.1	0.48
0.14	0.45
0.09	0.41
0.1	0.33
0.06	0.41
0.07	0.42
0.09	0.44
0.12	0.3
0.04	0.49
0.13	0.38
0.12	0.34
0.09	0.35
0.09	0.33
0.1	0.29
0.03	0.3
0.04	0.34
0.12	0.41
0.11	0.27
0.03	0.35
0.1	0.36
0.07	0.27
0.08	0.4
0.08	0.31
0.1	0.24
0.06	0.21
0.06	0.26
0.07	0.22
0.08	0.22
0.05	0.25
0.08	0.3
0.08	0.29
0.09	0.36
0.02	0.26
0.04	0.22
0.05	0.23
0.06	0.26
0.03	0.32
0.05	0.28
0.01	0.26
0.05	0.19
0.07	0.27
0.11	0.22
0.09	0.33
0.11	0.28
0.06	0.18
0.07	0.2
0.04	0.27
0.04	0.14
0.07	0.22
0.1	0.24
0.08	0.23
0.05	0.2
0.03	0.2
0.05	0.21
0.08	0.22
0.09	0.14
0.11	0.27
0.04	0.26
0.1	0.24
0.08	0.21
0.05	0.2
0.04	0.19
0.07	0.18
0.03	0.2
0.07	0.19
0.05	0.25
0.02	0.21
0.07	0.26
0.12	0.27
0.07	0.27
0.07	0.21
0.07	0.19
0.04	0.29
0.06	0.21
0.1	0.17
0.05	0.18
0.07	0.24
0.07	0.19
0.07	0.15
0.06	0.19
0.02	0.13
0.15	0.14
0.09	0.12
0.06	0.13
0.01	0.21
0.02	0.16
0.06	0.12
0.06	0.23
0.02	0.22
0.05	0.19
0.03	0.18
0.06	0.2
0.04	0.11
0.06	0.19
0.06	0.21
0.02	0.22
0.05	0.19
0.07	0.23
0.08	0.17
0.05	0.19
0.06	0.17
0.05	0.15
0.05	0.23
0.05	0.18
0.1	0.17
0.08	0.14
0.06	0.15
0.06	0.2
0.05	0.26
0.03	0.17
0.1	0.13
0.04	0.16
0.05	0.17
0.04	0.13
0.04	0.17
0.04	0.12
0.03	0.15
0.03	0.16
0.05	0.23
0.07	0.13
0.12	0.12
0.05	0.17
0.1	0.18
0.06	0.11
0.06	0.14
0.06	0.18
0.05	0.18
0.08	0.16
0.06	0.21
0.03	0.13
0.04	0.18
0.05	0.11
0.06	0.18
0.06	0.18
0.06	0.13
0.04	0.16
0.08	0.16
0.04	0.16
0.07	0.11
0.06	0.1
0.04	0.17
0.07	0.14
0.04	0.16
0.08	0.16
0.07	0.11
0.07	0.23
0.06	0.19
0.06	0.15
0.07	0.16
0.05	0.16
0.06	0.18
0.07	0.19
0.07	0.14
0.04	0.17
0.04	0.14
0.07	0.22
0.03	0.15
0.07	0.14
0.07	0.12
0.04	0.17
0.03	0.09
0.03	0.11
0.07	0.12
0.02	0.11
0.05	0.17
0.11	0.15
0.1	0.15
0.05	0.11
0.07	0.16
0.09	0.17
0.05	0.13
0.05	0.1
0.09	0.14
0.06	0.15
0.07	0.14
0.05	0.19
0.0	0.2
0.06	0.14
0.03	0.13
0.04	0.16
0.03	0.09
0.04	0.15
0.02	0.13
0.07	0.08
0.02	0.1
0.03	0.13
0.1	0.1
0.03	0.1
0.03	0.14
0.02	0.14
0.02	0.16
0.02	0.15
0.1	0.19
0.03	0.19
0.09	0.09
0.07	0.13
0.04	0.18
0.06	0.13
0.04	0.09
0.07	0.13
0.08	0.13
0.04	0.16
0.02	0.16
0.06	0.11
0.06	0.25
0.08	0.15
0.05	0.17
0.05	0.14
0.01	0.11
0.06	0.07
0.05	0.13
0.04	0.12
0.01	0.13
0.05	0.15
0.04	0.13
0.01	0.11
0.01	0.13
0.04	0.13
0.04	0.11
0.07	0.09
0.04	0.13
0.06	0.12
0.02	0.13
0.02	0.12
0.02	0.11
0.04	0.11
0.01	0.13
0.0	0.13
0.04	0.1
0.03	0.05
0.01	0.06
0.03	0.09
0.03	0.15
0.05	0.12
0.0	0.18
0.02	0.14
0.05	0.11
0.01	0.16
0.06	0.11
0.05	0.16
0.03	0.07
0.09	0.11
0.07	0.16
0.04	0.1
0.02	0.13
0.05	0.15
0.02	0.16
0.02	0.1
0.02	0.1
0.03	0.14
0.04	0.08
0.06	0.08
0.05	0.11
0.04	0.15
0.03	0.11
0.05	0.12
0.05	0.13
0.02	0.14
0.03	0.09
0.05	0.1
0.04	0.11
0.05	0.13
0.03	0.08
0.03	0.11
0.05	0.06
0.07	0.11
0.03	0.05
0.03	0.08
0.02	0.07
0.05	0.1
0.02	0.05
0.06	0.05
0.05	0.13
0.03	0.12
0.03	0.09
0.04	0.1
0.08	0.14
0.01	0.05
0.03	0.11
0.05	0.1
0.07	0.07
0.01	0.09
0.02	0.08
0.02	0.12
0.06	0.17
0.04	0.15
0.05	0.1
0.01	0.09
0.05	0.09
0.02	0.14
0.0	0.1
0.04	0.09
0.02	0.1
0.01	0.07
0.04	0.09
0.03	0.09
0.01	0.09
0.04	0.14
0.01	0.08
0.03	0.1
0.07	0.14
0.02	0.12
0.02	0.06
0.03	0.06
0.01	0.1
0.04	0.15
0.02	0.08
0.04	0.11
0.01	0.09
0.01	0.06
0.0	0.14
0.07	0.06
0.02	0.06
0.07	0.12
0.05	0.1
0.03	0.11
0.06	0.09
0.03	0.13
0.02	0.09
0.04	0.08
0.07	0.09
0.04	0.05
0.07	0.08
0.03	0.04
0.01	0.07
0.04	0.1
0.01	0.09
0.02	0.05
0.03	0.07
0.01	0.12
0.02	0.09
0.0	0.07
0.02	0.06
0.05	0.05
0.01	0.13
0.04	0.07
0.02	0.08
