End of Run Costs
MLam	STLam
30	40
70	50
90	60
80	50
60	40
60	40
100	50
80	40
70	60
50	40
40	40
60	30
120	30
60	20
110	40
60	40
40	50
90	10
50	50
70	10
50	30
50	50
30	50
60	40
60	50
60	30
40	20
40	100
40	50
30	40
60	30
70	50
60	40
90	30
90	40
70	20
60	50
90	40
90	70
70	20
60	20
80	60
40	20
70	10
70	30
100	10
70	20
50	20
70	50
50	90
60	80
60	30
80	40
70	60
60	60
70	60
80	40
30	70
130	70
100	50
70	20
60	50
110	70
10	30
40	30
50	30
80	30
50	50
60	20
80	30
60	60
30	40
40	20
40	50
40	50
60	20
10	20
70	20
10	40
60	30
40	20
40	20
30	40
40	20
80	30
60	10
80	40
70	20
60	50
80	40
70	10
30	30
70	40
50	10
90	30
80	10
100	40
50	40
70	10
40	50
Acceptance Rate
0.5	1.0
0.95	0.72
0.75	0.66
0.79	0.71
0.7	0.58
0.68	0.62
0.6	0.51
0.54	0.49
0.64	0.43
0.57	0.52
0.51	0.53
0.47	0.45
0.55	0.46
0.47	0.47
0.51	0.5
0.52	0.54
0.32	0.53
0.41	0.42
0.45	0.46
0.45	0.4
0.43	0.49
0.38	0.44
0.32	0.47
0.47	0.39
0.39	0.39
0.45	0.48
0.35	0.43
0.42	0.45
0.55	0.42
0.47	0.49
0.51	0.42
0.44	0.5
0.5	0.45
0.4	0.33
0.39	0.47
0.46	0.43
0.39	0.47
0.45	0.41
0.41	0.41
0.38	0.48
0.44	0.52
0.38	0.39
0.41	0.5
0.4	0.4
0.37	0.44
0.49	0.45
0.46	0.55
0.47	0.45
0.44	0.45
0.42	0.45
0.38	0.42
0.53	0.44
0.37	0.41
0.46	0.49
0.54	0.45
0.54	0.39
0.41	0.46
0.44	0.47
0.43	0.54
0.53	0.44
0.46	0.43
0.44	0.36
0.49	0.39
0.52	0.43
0.5	0.33
0.45	0.4
0.42	0.49
0.44	0.54
0.59	0.52
0.33	0.53
0.44	0.5
0.51	0.44
0.46	0.52
0.43	0.48
0.45	0.36
0.43	0.48
0.42	0.37
0.32	0.41
0.38	0.41
0.49	0.44
0.43	0.43
0.38	0.53
0.5	0.42
0.46	0.48
0.54	0.45
0.43	0.48
0.35	0.44
0.39	0.5
0.43	0.42
0.42	0.45
0.51	0.42
0.55	0.45
0.43	0.42
0.45	0.43
0.36	0.46
0.4	0.57
0.42	0.38
0.4	0.52
0.48	0.41
0.45	0.41
0.43	0.36
0.46	0.53
0.45	0.45
0.39	0.35
0.43	0.39
0.53	0.44
0.44	0.4
0.49	0.5
0.53	0.56
0.46	0.42
0.44	0.4
0.45	0.42
0.49	0.41
0.3	0.53
0.48	0.47
0.47	0.43
0.4	0.47
0.41	0.41
0.39	0.44
0.55	0.45
0.52	0.44
0.42	0.43
0.42	0.4
0.53	0.43
0.43	0.42
0.48	0.44
0.41	0.36
0.39	0.44
0.47	0.4
0.37	0.41
0.37	0.42
0.39	0.37
0.38	0.44
0.41	0.27
0.35	0.38
0.42	0.32
0.27	0.25
0.21	0.19
0.18	0.17
0.22	0.27
0.18	0.16
0.15	0.13
0.16	0.11
0.11	0.13
0.1	0.09
0.14	0.21
0.08	0.09
0.15	0.12
0.06	0.09
0.11	0.1
0.11	0.06
0.06	0.05
0.09	0.03
0.08	0.06
0.04	0.01
0.04	0.03
0.03	0.01
0.07	0.0
0.04	0.06
0.02	0.03
0.02	0.04
0.04	0.04
0.02	0.03
0.01	0.01
0.06	0.02
0.03	0.03
0.04	0.04
0.01	0.03
0.03	0.0
0.03	0.03
0.02	0.04
0.02	0.01
0.03	0.0
0.0	0.0
0.0	0.01
0.01	0.0
0.03	0.0
0.0	0.02
0.01	0.0
0.01	0.0
0.0	0.01
0.0	0.0
0.02	0.01
0.0	0.0
0.01	0.01
0.0	0.0
0.0	0.0
0.0	0.0
0.0	0.02
0.0	0.0
0.0	0.0
0.0	0.0
0.0	0.01
0.0	0.0
0.0	0.0
0.0	0.0
0.0	0.0
0.0	0.0
0.0	0.0
0.0	0.0
0.0	0.0
