End of Run Costs
MLam	STLam
23	5
25	5
23	5
26	10
27	7
25	6
20	10
22	8
17	8
18	9
30	12
30	10
23	6
20	9
35	9
13	6
30	12
27	12
22	8
23	6
22	7
16	8
26	9
17	9
28	5
27	6
26	8
21	8
22	9
35	12
21	10
22	3
17	7
15	7
22	14
22	10
22	4
27	10
20	9
22	9
23	9
22	9
22	10
19	7
21	4
20	8
22	9
16	7
21	14
22	5
28	10
27	8
21	7
23	9
20	7
22	15
25	9
36	11
21	9
22	6
23	7
17	5
27	7
23	11
24	10
18	5
25	11
20	8
24	11
19	5
20	9
25	6
17	7
38	5
26	9
19	12
16	8
18	9
25	10
14	11
27	6
22	4
22	8
22	6
37	7
20	8
19	8
31	9
19	9
23	6
22	7
28	14
18	7
30	8
16	10
16	7
19	6
35	8
26	3
22	7
Acceptance Rate
0.55	1.0
0.57	1.0
0.41	1.0
0.62	1.0
0.61	1.0
0.46	1.0
0.57	1.0
0.46	1.0
0.59	1.0
0.54	1.0
0.55	0.84
0.61	0.78
0.52	0.86
0.53	0.81
0.51	0.77
0.48	0.8
0.53	0.75
0.53	0.71
0.51	0.73
0.55	0.74
0.61	0.75
0.58	0.76
0.55	0.76
0.57	0.73
0.51	0.68
0.46	0.71
0.56	0.65
0.58	0.63
0.52	0.71
0.52	0.61
0.57	0.6
0.58	0.54
0.56	0.61
0.54	0.7
0.54	0.6
0.5	0.63
0.46	0.55
0.59	0.58
0.41	0.58
0.51	0.71
0.48	0.56
0.56	0.55
0.53	0.54
0.49	0.5
0.51	0.58
0.56	0.55
0.59	0.51
0.54	0.63
0.49	0.59
0.48	0.55
0.35	0.57
0.53	0.62
0.51	0.54
0.52	0.43
0.44	0.53
0.41	0.6
0.51	0.54
0.5	0.44
0.49	0.55
0.49	0.39
0.38	0.54
0.45	0.56
0.51	0.53
0.51	0.43
0.52	0.52
0.44	0.53
0.5	0.47
0.48	0.46
0.49	0.5
0.45	0.47
0.46	0.51
0.47	0.46
0.46	0.48
0.52	0.53
0.47	0.49
0.5	0.31
0.42	0.51
0.4	0.42
0.45	0.44
0.35	0.47
0.46	0.45
0.47	0.41
0.5	0.43
0.37	0.45
0.38	0.41
0.39	0.4
0.51	0.52
0.41	0.49
0.49	0.48
0.39	0.48
0.35	0.52
0.33	0.42
0.48	0.45
0.45	0.38
0.39	0.49
0.36	0.51
0.42	0.37
0.31	0.38
0.36	0.45
0.5	0.45
0.42	0.39
0.46	0.46
0.37	0.43
0.42	0.41
0.4	0.45
0.41	0.39
0.5	0.34
0.42	0.49
0.46	0.38
0.35	0.36
0.3	0.37
0.4	0.44
0.5	0.48
0.44	0.5
0.35	0.48
0.26	0.54
0.46	0.46
0.38	0.48
0.48	0.38
0.41	0.44
0.41	0.44
0.41	0.41
0.44	0.4
0.42	0.48
0.39	0.45
0.43	0.49
0.37	0.45
0.4	0.46
0.37	0.41
0.36	0.33
0.41	0.34
0.35	0.4
0.52	0.48
0.42	0.49
0.49	0.38
0.43	0.41
0.32	0.44
0.25	0.53
0.43	0.34
0.49	0.37
0.34	0.46
0.37	0.44
0.4	0.41
0.39	0.45
0.33	0.4
0.38	0.43
0.39	0.46
0.38	0.37
0.51	0.47
0.36	0.48
0.34	0.45
0.4	0.48
0.4	0.44
0.31	0.46
0.31	0.47
0.47	0.41
0.34	0.45
0.32	0.45
0.34	0.4
0.33	0.38
0.37	0.44
0.41	0.43
0.38	0.4
0.3	0.41
0.41	0.5
0.33	0.46
0.29	0.36
0.3	0.38
0.42	0.39
0.29	0.39
0.26	0.46
0.32	0.45
0.41	0.52
0.35	0.49
0.32	0.34
0.35	0.46
0.39	0.49
0.34	0.43
0.37	0.32
0.31	0.44
0.22	0.37
0.3	0.45
0.28	0.33
0.34	0.39
0.38	0.48
0.3	0.42
0.34	0.45
0.32	0.46
0.33	0.41
0.29	0.44
0.39	0.54
0.26	0.49
0.23	0.46
0.42	0.48
0.29	0.31
0.32	0.48
0.32	0.48
0.37	0.43
0.32	0.35
0.32	0.4
0.24	0.45
0.35	0.41
0.31	0.45
0.38	0.4
0.24	0.42
0.34	0.42
0.28	0.44
0.3	0.43
0.28	0.42
0.29	0.49
0.28	0.44
0.24	0.42
0.38	0.42
0.32	0.36
0.25	0.54
0.34	0.4
0.27	0.46
0.33	0.41
0.32	0.43
0.3	0.42
0.25	0.45
0.34	0.45
0.29	0.41
0.38	0.45
0.33	0.43
0.29	0.47
0.27	0.43
0.3	0.43
0.34	0.43
0.27	0.42
0.31	0.39
0.31	0.46
0.28	0.43
0.31	0.52
0.26	0.45
0.42	0.46
0.32	0.41
0.36	0.47
0.24	0.46
0.24	0.57
0.22	0.45
0.36	0.47
0.32	0.46
0.29	0.39
0.26	0.48
0.26	0.44
0.19	0.48
0.27	0.33
0.29	0.4
0.27	0.47
0.27	0.44
0.3	0.47
0.29	0.48
0.21	0.44
0.29	0.49
0.26	0.5
0.23	0.45
0.23	0.44
0.27	0.38
0.2	0.3
0.29	0.37
0.22	0.43
0.29	0.45
0.28	0.42
0.25	0.45
0.28	0.49
0.28	0.39
0.25	0.44
0.22	0.49
0.22	0.35
0.3	0.42
0.24	0.43
0.27	0.4
0.23	0.47
0.2	0.45
0.23	0.43
0.31	0.43
0.26	0.49
0.26	0.47
0.27	0.4
0.18	0.52
0.28	0.39
0.28	0.41
0.25	0.41
0.27	0.46
0.19	0.38
0.25	0.42
0.24	0.4
0.25	0.52
0.25	0.37
0.23	0.42
0.27	0.56
0.24	0.48
0.22	0.46
0.36	0.59
0.27	0.41
0.21	0.45
0.29	0.47
0.36	0.51
0.23	0.47
0.3	0.47
0.28	0.45
0.22	0.5
0.25	0.42
0.21	0.31
0.24	0.41
0.3	0.43
0.25	0.43
0.24	0.4
0.24	0.47
0.33	0.43
0.29	0.62
0.19	0.42
0.3	0.44
0.22	0.38
0.27	0.52
0.26	0.54
0.23	0.4
0.25	0.42
0.29	0.46
0.26	0.47
0.2	0.5
0.31	0.45
0.2	0.34
0.26	0.4
0.29	0.41
0.31	0.45
0.24	0.51
0.25	0.42
0.24	0.33
0.24	0.46
0.29	0.42
0.24	0.43
0.26	0.41
0.29	0.5
0.33	0.38
0.26	0.45
0.28	0.42
0.25	0.54
0.27	0.44
0.27	0.41
0.31	0.48
0.22	0.39
0.22	0.55
0.26	0.44
0.28	0.41
0.22	0.44
0.3	0.48
0.26	0.43
0.21	0.44
0.25	0.46
0.27	0.41
0.19	0.46
0.28	0.44
0.26	0.38
0.26	0.4
0.27	0.47
0.27	0.42
0.23	0.39
0.28	0.36
0.26	0.49
0.23	0.53
0.23	0.4
0.26	0.49
0.29	0.48
0.27	0.51
0.26	0.48
0.22	0.44
0.25	0.48
0.2	0.4
0.22	0.49
0.23	0.43
0.26	0.48
0.2	0.52
0.27	0.41
0.19	0.43
0.24	0.38
0.21	0.41
0.2	0.5
0.23	0.41
0.25	0.49
0.26	0.46
0.25	0.41
0.23	0.45
0.34	0.41
0.13	0.45
0.27	0.43
0.17	0.47
0.25	0.5
0.22	0.39
0.29	0.54
0.18	0.48
0.28	0.35
0.26	0.48
0.14	0.45
0.24	0.44
0.28	0.45
0.28	0.45
0.22	0.5
0.25	0.46
0.28	0.46
0.26	0.53
0.24	0.45
0.19	0.45
0.25	0.36
0.21	0.49
0.22	0.38
0.2	0.44
0.24	0.44
0.25	0.45
0.24	0.43
0.21	0.44
0.24	0.42
0.29	0.37
0.21	0.44
0.17	0.54
0.2	0.42
0.2	0.46
0.24	0.4
0.21	0.45
0.17	0.52
0.3	0.39
0.24	0.4
0.25	0.39
0.25	0.38
0.2	0.35
0.23	0.39
0.26	0.38
0.25	0.47
0.17	0.45
0.2	0.37
0.25	0.49
0.3	0.49
0.3	0.4
0.32	0.38
0.23	0.49
0.35	0.44
0.18	0.48
0.2	0.49
0.28	0.42
0.21	0.46
0.19	0.47
0.2	0.53
0.23	0.45
0.25	0.5
0.23	0.41
0.26	0.41
0.16	0.44
0.26	0.47
0.22	0.44
0.29	0.41
0.28	0.44
0.18	0.49
0.19	0.48
0.23	0.54
0.26	0.48
0.22	0.37
0.23	0.46
0.24	0.41
0.23	0.38
0.19	0.44
0.27	0.48
0.19	0.41
0.29	0.46
0.24	0.43
0.26	0.47
0.21	0.47
0.22	0.43
0.28	0.41
0.29	0.46
0.25	0.49
0.28	0.4
0.24	0.41
0.29	0.54
0.21	0.46
0.27	0.4
0.23	0.44
0.13	0.45
0.23	0.42
0.17	0.52
0.22	0.4
0.25	0.49
0.3	0.41
0.19	0.39
0.2	0.44
0.26	0.55
0.19	0.44
0.22	0.37
0.25	0.36
0.22	0.38
0.17	0.41
0.3	0.5
0.28	0.43
0.25	0.48
0.28	0.46
0.36	0.43
0.22	0.48
0.23	0.42
0.18	0.41
0.26	0.37
0.3	0.43
0.16	0.42
0.25	0.4
0.33	0.39
0.2	0.47
0.24	0.5
0.26	0.46
0.24	0.53
0.19	0.36
0.27	0.54
0.18	0.5
0.19	0.44
0.28	0.37
0.18	0.37
0.31	0.48
0.3	0.42
0.28	0.46
0.3	0.5
0.37	0.45
0.29	0.43
0.2	0.47
0.26	0.53
0.26	0.46
0.23	0.41
0.22	0.43
0.3	0.42
0.2	0.4
0.29	0.48
0.23	0.36
0.28	0.46
0.28	0.52
0.3	0.5
0.21	0.46
0.19	0.47
0.18	0.42
0.26	0.43
0.28	0.52
0.25	0.38
0.23	0.52
0.26	0.48
0.18	0.49
0.26	0.39
0.24	0.43
0.25	0.52
0.26	0.46
0.25	0.52
0.24	0.43
0.33	0.43
0.28	0.52
0.21	0.46
0.27	0.44
0.27	0.46
0.27	0.44
0.25	0.42
0.3	0.46
0.28	0.45
0.19	0.46
0.24	0.44
0.28	0.42
0.25	0.4
0.23	0.42
0.26	0.43
0.36	0.42
0.2	0.42
0.33	0.46
0.3	0.44
0.26	0.36
0.3	0.44
0.28	0.47
0.32	0.47
0.28	0.42
0.28	0.33
0.33	0.42
0.3	0.44
0.24	0.52
0.22	0.51
0.3	0.45
0.29	0.36
0.27	0.42
0.28	0.43
0.33	0.5
0.32	0.46
0.32	0.46
0.26	0.54
0.29	0.41
0.2	0.44
0.23	0.39
0.26	0.36
0.25	0.52
0.32	0.44
0.29	0.45
0.33	0.43
0.24	0.46
0.19	0.39
0.24	0.44
0.33	0.44
0.3	0.38
0.34	0.38
0.29	0.42
0.36	0.47
0.24	0.41
0.28	0.48
0.31	0.47
0.22	0.51
0.26	0.46
0.33	0.42
0.28	0.49
0.25	0.48
0.33	0.47
0.3	0.41
0.18	0.41
0.32	0.37
0.35	0.46
0.36	0.38
0.3	0.36
0.39	0.41
0.32	0.41
0.28	0.51
0.23	0.46
0.24	0.44
0.25	0.42
0.26	0.49
0.27	0.48
0.35	0.43
0.32	0.42
0.24	0.34
0.24	0.41
0.38	0.39
0.27	0.37
0.3	0.48
0.33	0.49
0.22	0.51
0.18	0.4
0.29	0.38
0.25	0.46
0.33	0.48
0.21	0.46
0.33	0.47
0.28	0.5
0.33	0.47
0.3	0.48
0.38	0.49
0.34	0.45
0.28	0.48
0.37	0.51
0.25	0.42
0.3	0.46
0.33	0.46
0.35	0.37
0.24	0.37
0.33	0.58
0.27	0.41
0.39	0.44
0.25	0.51
0.29	0.48
0.31	0.4
0.26	0.43
0.32	0.36
0.32	0.38
0.28	0.43
0.26	0.41
0.28	0.36
0.4	0.49
0.29	0.41
0.42	0.48
0.26	0.37
0.38	0.43
0.25	0.4
0.32	0.27
0.3	0.36
0.31	0.32
0.22	0.29
0.4	0.45
0.27	0.34
0.3	0.34
0.21	0.27
0.31	0.34
0.32	0.26
0.3	0.31
0.26	0.37
0.32	0.26
0.36	0.3
0.21	0.31
0.37	0.33
0.35	0.25
0.3	0.25
0.29	0.37
0.28	0.25
0.23	0.28
0.29	0.28
0.23	0.24
0.35	0.27
0.38	0.29
0.29	0.27
0.21	0.26
0.21	0.26
0.28	0.27
0.31	0.23
0.29	0.19
0.31	0.21
0.32	0.27
0.3	0.28
0.33	0.25
0.25	0.25
0.27	0.28
0.26	0.25
0.31	0.25
0.26	0.13
0.35	0.23
0.32	0.24
0.25	0.14
0.29	0.27
0.34	0.24
0.32	0.27
0.28	0.29
0.37	0.25
0.3	0.3
0.29	0.17
0.35	0.12
0.27	0.19
0.42	0.1
0.27	0.18
0.27	0.23
0.29	0.19
0.26	0.19
0.28	0.18
0.37	0.16
0.3	0.08
0.28	0.13
0.28	0.2
0.29	0.14
0.32	0.2
0.29	0.17
0.32	0.17
0.33	0.18
0.34	0.18
0.22	0.19
0.29	0.17
0.27	0.18
0.25	0.1
0.36	0.2
0.26	0.17
0.3	0.24
0.32	0.17
0.33	0.26
0.3	0.14
0.28	0.17
0.23	0.19
0.33	0.13
0.18	0.16
0.29	0.1
0.24	0.11
0.29	0.22
0.23	0.19
0.32	0.2
0.26	0.18
0.32	0.2
0.37	0.16
0.29	0.15
0.24	0.1
0.29	0.15
0.27	0.14
0.24	0.12
0.23	0.14
0.29	0.18
0.2	0.2
0.24	0.14
0.3	0.15
0.21	0.1
0.27	0.12
0.34	0.08
0.26	0.14
0.26	0.17
0.29	0.12
0.23	0.15
0.26	0.1
0.33	0.05
0.25	0.2
0.25	0.12
0.29	0.13
0.25	0.18
0.34	0.14
0.25	0.13
0.19	0.14
0.26	0.09
0.25	0.16
0.27	0.11
0.23	0.1
0.31	0.13
0.3	0.06
0.26	0.15
0.29	0.08
0.38	0.15
0.31	0.12
0.26	0.12
0.25	0.1
0.26	0.07
0.26	0.09
0.27	0.13
0.28	0.09
0.3	0.16
0.28	0.16
0.22	0.14
0.27	0.12
0.24	0.1
0.3	0.13
0.28	0.12
0.32	0.14
0.29	0.13
0.28	0.17
0.31	0.15
0.33	0.12
0.3	0.08
0.35	0.1
0.27	0.15
0.23	0.15
0.26	0.09
0.23	0.09
0.32	0.14
0.26	0.11
0.29	0.11
0.21	0.07
0.25	0.16
0.28	0.11
0.26	0.06
0.28	0.16
0.26	0.11
0.19	0.13
0.31	0.09
0.29	0.14
0.27	0.12
0.17	0.06
0.29	0.11
0.33	0.08
0.26	0.11
0.26	0.07
0.3	0.15
0.21	0.13
0.26	0.14
0.22	0.1
0.18	0.16
0.23	0.13
0.17	0.06
0.28	0.13
0.26	0.06
0.25	0.11
0.28	0.06
0.21	0.13
0.26	0.15
0.19	0.14
0.26	0.06
0.23	0.04
0.33	0.07
0.11	0.07
0.23	0.11
0.22	0.11
0.2	0.07
0.26	0.14
0.33	0.1
0.21	0.09
0.23	0.1
0.26	0.12
0.26	0.13
0.3	0.13
0.3	0.07
0.23	0.08
0.24	0.04
0.19	0.1
0.25	0.15
0.18	0.1
0.21	0.06
0.25	0.07
0.25	0.11
0.25	0.05
0.25	0.05
0.28	0.08
0.25	0.11
0.28	0.12
0.22	0.09
0.2	0.09
0.33	0.12
0.23	0.04
0.26	0.06
0.19	0.09
0.22	0.08
0.19	0.13
0.18	0.08
0.29	0.11
0.2	0.13
0.29	0.15
0.19	0.07
0.19	0.03
0.17	0.14
0.23	0.03
0.26	0.1
0.26	0.05
0.26	0.06
0.25	0.07
0.23	0.06
0.27	0.05
0.21	0.07
0.24	0.13
0.21	0.09
0.21	0.06
0.25	0.05
0.21	0.05
0.2	0.02
0.24	0.05
0.2	0.06
0.18	0.04
0.26	0.12
0.25	0.12
0.29	0.09
0.24	0.07
0.28	0.05
0.24	0.07
0.19	0.08
0.22	0.09
0.24	0.05
0.2	0.09
0.16	0.02
0.21	0.07
0.2	0.09
0.21	0.04
0.2	0.04
0.21	0.05
0.18	0.08
0.23	0.05
0.2	0.12
0.23	0.05
0.18	0.05
0.19	0.05
0.24	0.06
0.23	0.11
0.27	0.04
0.24	0.06
0.18	0.02
0.26	0.04
0.23	0.08
0.2	0.07
0.2	0.08
0.28	0.03
0.2	0.05
0.13	0.03
0.15	0.06
0.18	0.04
0.24	0.08
0.24	0.06
0.25	0.06
0.17	0.02
0.21	0.05
0.22	0.06
0.22	0.05
0.27	0.03
0.21	0.08
0.18	0.06
0.23	0.04
0.18	0.04
0.29	0.05
0.17	0.1
0.23	0.01
0.27	0.06
0.26	0.08
0.2	0.06
0.19	0.03
0.22	0.03
0.26	0.05
0.18	0.06
0.22	0.05
0.18	0.04
0.15	0.03
0.17	0.08
0.17	0.04
0.26	0.03
0.32	0.05
0.19	0.05
0.3	0.02
0.18	0.04
0.29	0.06
0.25	0.03
0.25	0.03
0.22	0.05
0.2	0.06
0.17	0.06
0.24	0.02
0.23	0.08
0.2	0.05
0.24	0.03
0.22	0.04
0.21	0.04
0.14	0.02
0.26	0.05
0.14	0.06
0.25	0.04
0.23	0.04
0.22	0.06
0.11	0.05
0.14	0.05
0.23	0.05
0.19	0.04
