      L	        cpu1	        cpu2
   1000	           0	           0
   1000	           0	           0
   1000	           0	           0
   1000	           0	           0
   1000	    15625000	           0
   1000	           0	           0
   1000	           0	           0
   1000	           0	           0
   1000	           0	           0
   1000	           0	           0
   1000	           0	           0
   1000	           0	           0
   1000	           0	           0
   1000	           0	           0
   1000	           0	           0
   1000	           0	           0
   1000	           0	           0
   1000	           0	           0
   1000	           0	           0
   1000	           0	           0
   1000	           0	           0
   1000	           0	           0
   1000	           0	           0
   1000	           0	           0
   1000	           0	           0
   1000	           0	           0
   1000	           0	           0
   1000	           0	           0
   1000	           0	           0
   1000	           0	           0
   1000	           0	           0
   1000	           0	           0
   1000	           0	           0
   1000	           0	           0
   1000	           0	           0
   1000	           0	           0
   1000	           0	           0
   1000	           0	           0
   1000	           0	           0
   1000	           0	           0
   1000	           0	           0
   1000	           0	           0
   1000	           0	           0
   1000	           0	           0
   1000	           0	           0
   1000	           0	           0
   1000	           0	           0
   1000	           0	           0
   1000	           0	           0
   1000	           0	           0
   1000	           0	           0
   1000	           0	           0
   1000	           0	           0
   1000	           0	           0
   1000	           0	           0
   1000	           0	           0
   1000	           0	           0
   1000	           0	           0
   1000	           0	           0
   1000	           0	           0
   1000	           0	           0
   1000	           0	           0
   1000	           0	           0
   1000	           0	           0
   1000	           0	           0
   1000	           0	           0
   1000	           0	           0
   1000	           0	           0
   1000	           0	           0
   1000	           0	           0
   1000	           0	           0
   1000	           0	           0
   1000	           0	           0
   1000	           0	           0
   1000	           0	           0
   1000	           0	           0
   1000	           0	           0
   1000	           0	           0
   1000	           0	           0
   1000	           0	           0
   1000	           0	           0
   1000	           0	           0
   1000	           0	           0
   1000	           0	           0
   1000	           0	           0
   1000	           0	           0
   1000	           0	           0
   1000	           0	           0
   1000	           0	           0
   1000	           0	           0
   1000	           0	           0
   1000	           0	           0
   1000	           0	           0
   1000	           0	           0
   1000	           0	           0
   1000	           0	           0
   1000	           0	           0
   1000	           0	           0
   1000	           0	           0
   1000	           0	           0
   2000	           0	           0
   2000	           0	           0
   2000	           0	           0
   2000	           0	           0
   2000	           0	           0
   2000	           0	           0
   2000	           0	           0
   2000	           0	           0
   2000	           0	           0
   2000	           0	           0
   2000	           0	           0
   2000	           0	           0
   2000	           0	           0
   2000	           0	           0
   2000	           0	           0
   2000	           0	           0
   2000	           0	           0
   2000	           0	           0
   2000	           0	           0
   2000	           0	           0
   2000	           0	           0
   2000	           0	           0
   2000	           0	           0
   2000	           0	           0
   2000	           0	           0
   2000	           0	           0
   2000	           0	    15625000
   2000	           0	           0
   2000	           0	           0
   2000	           0	           0
   2000	           0	           0
   2000	           0	           0
   2000	           0	           0
   2000	           0	           0
   2000	           0	           0
   2000	           0	           0
   2000	           0	           0
   2000	           0	           0
   2000	           0	           0
   2000	           0	           0
   2000	           0	           0
   2000	           0	           0
   2000	           0	           0
   2000	           0	           0
   2000	           0	           0
   2000	           0	           0
   2000	           0	           0
   2000	           0	           0
   2000	           0	           0
   2000	           0	           0
   2000	           0	           0
   2000	           0	           0
   2000	           0	           0
   2000	           0	           0
   2000	           0	           0
   2000	           0	           0
   2000	           0	           0
   2000	           0	           0
   2000	           0	           0
   2000	           0	           0
   2000	           0	           0
   2000	           0	           0
   2000	           0	           0
   2000	           0	           0
   2000	           0	           0
   2000	           0	           0
   2000	           0	           0
   2000	           0	           0
   2000	           0	           0
   2000	           0	           0
   2000	           0	           0
   2000	           0	           0
   2000	           0	           0
   2000	           0	           0
   2000	           0	           0
   2000	           0	           0
   2000	           0	           0
   2000	           0	           0
   2000	           0	           0
   2000	           0	           0
   2000	           0	           0
   2000	           0	           0
   2000	           0	           0
   2000	           0	           0
   2000	           0	           0
   2000	           0	           0
   2000	           0	           0
   2000	           0	           0
   2000	           0	           0
   2000	           0	           0
   2000	           0	           0
   2000	           0	           0
   2000	           0	           0
   2000	           0	           0
   2000	           0	           0
   2000	           0	           0
   2000	           0	           0
   2000	           0	           0
   2000	           0	           0
   2000	           0	           0
   4000	           0	           0
   4000	           0	           0
   4000	           0	           0
   4000	           0	           0
   4000	           0	           0
   4000	           0	           0
   4000	           0	           0
   4000	           0	           0
   4000	           0	           0
   4000	           0	           0
   4000	           0	           0
   4000	           0	           0
   4000	           0	           0
   4000	           0	           0
   4000	           0	           0
   4000	           0	           0
   4000	           0	           0
   4000	           0	           0
   4000	           0	           0
   4000	           0	           0
   4000	           0	           0
   4000	           0	           0
   4000	           0	           0
   4000	           0	           0
   4000	           0	           0
   4000	           0	           0
   4000	           0	           0
   4000	           0	           0
   4000	           0	    15625000
   4000	           0	           0
   4000	           0	           0
   4000	           0	           0
   4000	           0	           0
   4000	           0	           0
   4000	           0	           0
   4000	           0	           0
   4000	           0	           0
   4000	           0	           0
   4000	           0	           0
   4000	           0	           0
   4000	           0	           0
   4000	           0	           0
   4000	           0	           0
   4000	           0	           0
   4000	           0	           0
   4000	           0	           0
   4000	           0	           0
   4000	           0	           0
   4000	           0	           0
   4000	           0	           0
   4000	           0	           0
   4000	           0	           0
   4000	           0	           0
   4000	           0	           0
   4000	           0	           0
   4000	           0	           0
   4000	           0	           0
   4000	           0	           0
   4000	           0	           0
   4000	           0	           0
   4000	           0	           0
   4000	           0	           0
   4000	           0	           0
   4000	           0	           0
   4000	           0	           0
   4000	           0	           0
   4000	           0	           0
   4000	           0	           0
   4000	           0	           0
   4000	           0	           0
   4000	           0	           0
   4000	           0	           0
   4000	           0	           0
   4000	           0	           0
   4000	           0	           0
   4000	           0	    15625000
   4000	           0	           0
   4000	           0	           0
   4000	           0	           0
   4000	           0	           0
   4000	           0	           0
   4000	           0	           0
   4000	           0	           0
   4000	           0	           0
   4000	           0	           0
   4000	           0	           0
   4000	           0	           0
   4000	           0	           0
   4000	           0	           0
   4000	           0	           0
   4000	           0	           0
   4000	           0	           0
   4000	           0	           0
   4000	           0	           0
   4000	           0	           0
   4000	           0	           0
   4000	           0	           0
   4000	           0	           0
   4000	           0	           0
   4000	           0	           0
   8000	           0	           0
   8000	           0	           0
   8000	           0	           0
   8000	           0	           0
   8000	           0	           0
   8000	           0	           0
   8000	           0	           0
   8000	           0	           0
   8000	           0	           0
   8000	           0	           0
   8000	           0	           0
   8000	           0	           0
   8000	           0	           0
   8000	           0	           0
   8000	           0	           0
   8000	           0	           0
   8000	    15625000	           0
   8000	           0	           0
   8000	           0	           0
   8000	           0	           0
   8000	           0	           0
   8000	           0	           0
   8000	           0	           0
   8000	           0	           0
   8000	           0	           0
   8000	           0	           0
   8000	           0	           0
   8000	           0	           0
   8000	           0	           0
   8000	           0	           0
   8000	           0	           0
   8000	           0	           0
   8000	           0	           0
   8000	           0	    15625000
   8000	           0	           0
   8000	           0	           0
   8000	           0	           0
   8000	           0	           0
   8000	           0	           0
   8000	           0	           0
   8000	           0	           0
   8000	           0	           0
   8000	           0	           0
   8000	           0	           0
   8000	           0	           0
   8000	           0	           0
   8000	           0	           0
   8000	           0	           0
   8000	           0	           0
   8000	           0	           0
   8000	           0	           0
   8000	           0	           0
   8000	           0	           0
   8000	           0	           0
   8000	           0	           0
   8000	           0	           0
   8000	           0	           0
   8000	           0	           0
   8000	           0	           0
   8000	           0	           0
   8000	           0	           0
   8000	           0	           0
   8000	           0	           0
   8000	           0	           0
   8000	           0	           0
   8000	           0	           0
   8000	           0	           0
   8000	           0	           0
   8000	    15625000	           0
   8000	           0	           0
   8000	           0	           0
   8000	           0	           0
   8000	           0	           0
   8000	           0	           0
   8000	           0	           0
   8000	           0	           0
   8000	           0	           0
   8000	           0	           0
   8000	           0	           0
   8000	           0	           0
   8000	           0	           0
   8000	           0	           0
   8000	           0	           0
   8000	           0	           0
   8000	           0	           0
   8000	           0	    15625000
   8000	           0	           0
   8000	           0	           0
   8000	           0	           0
   8000	           0	           0
   8000	           0	           0
   8000	           0	           0
   8000	           0	           0
   8000	           0	           0
   8000	           0	           0
   8000	           0	           0
   8000	           0	           0
   8000	           0	           0
   8000	           0	           0
   8000	           0	           0
  16000	           0	           0
  16000	           0	    15625000
  16000	           0	           0
  16000	           0	           0
  16000	           0	           0
  16000	           0	           0
  16000	           0	           0
  16000	           0	           0
  16000	           0	           0
  16000	           0	           0
  16000	           0	           0
  16000	           0	           0
  16000	           0	           0
  16000	           0	           0
  16000	           0	           0
  16000	           0	           0
  16000	           0	           0
  16000	           0	           0
  16000	           0	           0
  16000	           0	           0
  16000	    15625000	           0
  16000	           0	           0
  16000	           0	           0
  16000	           0	           0
  16000	           0	           0
  16000	           0	           0
  16000	           0	           0
  16000	           0	           0
  16000	           0	           0
  16000	           0	    15625000
  16000	           0	           0
  16000	           0	           0
  16000	           0	           0
  16000	           0	           0
  16000	           0	           0
  16000	           0	           0
  16000	           0	           0
  16000	           0	           0
  16000	           0	    15625000
  16000	           0	           0
  16000	           0	           0
  16000	           0	           0
  16000	           0	           0
  16000	           0	           0
  16000	           0	           0
  16000	           0	           0
  16000	           0	           0
  16000	           0	           0
  16000	    15625000	           0
  16000	           0	           0
  16000	           0	           0
  16000	           0	           0
  16000	           0	           0
  16000	           0	           0
  16000	           0	           0
  16000	           0	           0
  16000	           0	           0
  16000	    15625000	           0
  16000	           0	           0
  16000	           0	           0
  16000	           0	           0
  16000	           0	           0
  16000	           0	           0
  16000	           0	           0
  16000	           0	           0
  16000	           0	           0
  16000	           0	    15625000
  16000	           0	           0
  16000	           0	           0
  16000	           0	           0
  16000	           0	           0
  16000	           0	           0
  16000	           0	           0
  16000	           0	           0
  16000	           0	           0
  16000	           0	    15625000
  16000	           0	           0
  16000	           0	           0
  16000	           0	           0
  16000	           0	           0
  16000	           0	           0
  16000	           0	           0
  16000	           0	           0
  16000	           0	           0
  16000	           0	    15625000
  16000	           0	           0
  16000	           0	           0
  16000	           0	           0
  16000	           0	           0
  16000	           0	           0
  16000	           0	           0
  16000	           0	           0
  16000	           0	           0
  16000	           0	           0
  16000	    15625000	           0
  16000	           0	           0
  16000	           0	           0
  16000	           0	           0
  16000	           0	           0
  16000	           0	           0
  32000	           0	           0
  32000	           0	    15625000
  32000	           0	           0
  32000	           0	           0
  32000	           0	           0
  32000	           0	           0
  32000	    15625000	           0
  32000	           0	           0
  32000	           0	           0
  32000	           0	           0
  32000	           0	           0
  32000	    15625000	           0
  32000	           0	           0
  32000	           0	           0
  32000	           0	           0
  32000	           0	    15625000
  32000	           0	           0
  32000	           0	           0
  32000	           0	           0
  32000	           0	           0
  32000	           0	    15625000
  32000	           0	           0
  32000	           0	           0
  32000	           0	           0
  32000	           0	           0
  32000	    15625000	           0
  32000	           0	           0
  32000	           0	           0
  32000	           0	           0
  32000	           0	           0
  32000	    15625000	           0
  32000	           0	           0
  32000	           0	           0
  32000	           0	           0
  32000	           0	    15625000
  32000	           0	           0
  32000	           0	           0
  32000	           0	           0
  32000	           0	           0
  32000	           0	    15625000
  32000	           0	           0
  32000	           0	           0
  32000	           0	           0
  32000	           0	           0
  32000	    15625000	           0
  32000	           0	           0
  32000	           0	           0
  32000	           0	           0
  32000	           0	    15625000
  32000	           0	           0
  32000	           0	           0
  32000	           0	           0
  32000	           0	           0
  32000	           0	    15625000
  32000	           0	           0
  32000	           0	           0
  32000	           0	           0
  32000	           0	           0
  32000	    15625000	           0
  32000	           0	           0
  32000	           0	           0
  32000	           0	           0
  32000	           0	           0
  32000	    15625000	           0
  32000	           0	           0
  32000	           0	           0
  32000	           0	           0
  32000	           0	    15625000
  32000	           0	           0
  32000	           0	           0
  32000	           0	           0
  32000	           0	           0
  32000	           0	    15625000
  32000	           0	           0
  32000	           0	           0
  32000	           0	           0
  32000	           0	           0
  32000	    15625000	           0
  32000	           0	           0
  32000	           0	           0
  32000	           0	           0
  32000	           0	           0
  32000	    15625000	           0
  32000	           0	           0
  32000	           0	           0
  32000	           0	           0
  32000	           0	    15625000
  32000	           0	           0
  32000	           0	           0
  32000	           0	           0
  32000	           0	           0
  32000	           0	    15625000
  32000	           0	           0
  32000	           0	           0
  32000	           0	           0
  32000	           0	           0
  32000	    15625000	           0
  32000	           0	           0
  32000	           0	           0
  32000	           0	           0
  64000	           0	    15625000
  64000	           0	           0
  64000	           0	    15625000
  64000	           0	           0
  64000	           0	           0
  64000	    15625000	           0
  64000	           0	           0
  64000	           0	    15625000
  64000	           0	           0
  64000	           0	           0
  64000	    15625000	           0
  64000	           0	           0
  64000	           0	    15625000
  64000	           0	           0
  64000	           0	           0
  64000	    15625000	           0
  64000	           0	           0
  64000	           0	    15625000
  64000	           0	           0
  64000	           0	           0
  64000	    15625000	           0
  64000	           0	           0
  64000	           0	    15625000
  64000	           0	           0
  64000	           0	           0
  64000	    15625000	           0
  64000	           0	           0
  64000	           0	    15625000
  64000	           0	           0
  64000	           0	    15625000
  64000	           0	           0
  64000	           0	           0
  64000	    15625000	           0
  64000	           0	           0
  64000	           0	    15625000
  64000	           0	           0
  64000	           0	           0
  64000	    15625000	           0
  64000	           0	           0
  64000	           0	    15625000
  64000	           0	           0
  64000	           0	           0
  64000	    15625000	           0
  64000	           0	           0
  64000	           0	    15625000
  64000	           0	           0
  64000	           0	           0
  64000	    15625000	           0
  64000	           0	           0
  64000	           0	    15625000
  64000	           0	           0
  64000	           0	           0
  64000	    15625000	           0
  64000	           0	           0
  64000	           0	    15625000
  64000	           0	           0
  64000	           0	           0
  64000	    15625000	           0
  64000	           0	           0
  64000	           0	    15625000
  64000	           0	           0
  64000	           0	           0
  64000	    15625000	           0
  64000	           0	           0
  64000	    15625000	           0
  64000	           0	           0
  64000	           0	    15625000
  64000	           0	           0
  64000	           0	           0
  64000	    15625000	           0
  64000	           0	           0
  64000	           0	    15625000
  64000	           0	           0
  64000	           0	           0
  64000	    15625000	           0
  64000	           0	           0
  64000	           0	    15625000
  64000	           0	           0
  64000	           0	           0
  64000	    15625000	           0
  64000	           0	           0
  64000	           0	    15625000
  64000	           0	           0
  64000	           0	           0
  64000	    15625000	           0
  64000	           0	           0
  64000	           0	    15625000
  64000	           0	           0
  64000	           0	           0
  64000	    15625000	           0
  64000	           0	           0
  64000	           0	    15625000
  64000	           0	           0
  64000	           0	           0
  64000	    15625000	           0
  64000	           0	           0
  64000	           0	    15625000
  64000	           0	           0
  64000	           0	           0
  64000	    15625000	           0
 128000	           0	    15625000
 128000	           0	           0
 128000	    15625000	           0
 128000	    15625000	           0
 128000	           0	    15625000
 128000	           0	    15625000
 128000	           0	           0
 128000	    15625000	           0
 128000	    15625000	           0
 128000	           0	    15625000
 128000	           0	    15625000
 128000	           0	           0
 128000	    15625000	           0
 128000	    15625000	           0
 128000	           0	    15625000
 128000	           0	    15625000
 128000	           0	           0
 128000	    15625000	           0
 128000	    15625000	           0
 128000	           0	    15625000
 128000	           0	    15625000
 128000	           0	           0
 128000	    15625000	           0
 128000	    15625000	           0
 128000	           0	    15625000
 128000	           0	    15625000
 128000	           0	           0
 128000	    15625000	           0
 128000	    15625000	           0
 128000	           0	    15625000
 128000	           0	    15625000
 128000	           0	           0
 128000	    15625000	           0
 128000	    15625000	           0
 128000	           0	    15625000
 128000	           0	    15625000
 128000	           0	           0
 128000	    15625000	           0
 128000	    15625000	           0
 128000	           0	    15625000
 128000	           0	    15625000
 128000	           0	           0
 128000	    15625000	           0
 128000	           0	    15625000
 128000	           0	    15625000
 128000	           0	           0
 128000	    15625000	           0
 128000	    15625000	           0
 128000	           0	    15625000
 128000	           0	    15625000
 128000	           0	           0
 128000	    15625000	           0
 128000	    15625000	           0
 128000	           0	    15625000
 128000	           0	    15625000
 128000	           0	           0
 128000	    15625000	           0
 128000	    15625000	           0
 128000	           0	    15625000
 128000	           0	    15625000
 128000	           0	           0
 128000	    15625000	           0
 128000	    15625000	           0
 128000	           0	    15625000
 128000	           0	    15625000
 128000	           0	           0
 128000	    15625000	           0
 128000	    15625000	           0
 128000	           0	    15625000
 128000	           0	    15625000
 128000	           0	           0
 128000	    15625000	           0
 128000	    15625000	           0
 128000	           0	    15625000
 128000	           0	    15625000
 128000	           0	           0
 128000	    15625000	           0
 128000	    15625000	           0
 128000	           0	    15625000
 128000	           0	           0
 128000	           0	           0
 128000	    15625000	           0
 128000	           0	    15625000
 128000	           0	    15625000
 128000	           0	           0
 128000	    15625000	           0
 128000	    15625000	           0
 128000	           0	    15625000
 128000	           0	    15625000
 128000	           0	           0
 128000	    15625000	           0
 128000	    15625000	           0
 128000	           0	    15625000
 128000	           0	    15625000
 128000	           0	           0
 128000	    15625000	           0
 128000	    15625000	           0
 128000	           0	    15625000
 128000	           0	    15625000
 128000	           0	           0
 256000	    15625000	    15625000
 256000	    15625000	    15625000
 256000	           0	    15625000
 256000	    15625000	    15625000
 256000	           0	    15625000
 256000	    15625000	    15625000
 256000	    15625000	           0
 256000	    15625000	    15625000
 256000	    15625000	    15625000
 256000	           0	    15625000
 256000	    15625000	    15625000
 256000	    15625000	           0
 256000	    15625000	    15625000
 256000	    15625000	    15625000
 256000	           0	    15625000
 256000	    15625000	    15625000
 256000	    15625000	           0
 256000	    15625000	    15625000
 256000	    15625000	    15625000
 256000	           0	    15625000
 256000	    15625000	    15625000
 256000	    15625000	           0
 256000	    15625000	    15625000
 256000	    15625000	    15625000
 256000	           0	    15625000
 256000	    15625000	    15625000
 256000	    15625000	           0
 256000	    15625000	    15625000
 256000	    15625000	    15625000
 256000	           0	    15625000
 256000	    15625000	    15625000
 256000	           0	    15625000
 256000	    15625000	    15625000
 256000	    15625000	           0
 256000	    15625000	    15625000
 256000	    15625000	    15625000
 256000	           0	    15625000
 256000	    15625000	    15625000
 256000	    15625000	           0
 256000	    15625000	    15625000
 256000	    15625000	    15625000
 256000	           0	    15625000
 256000	    15625000	    15625000
 256000	    15625000	           0
 256000	    15625000	    15625000
 256000	    15625000	    15625000
 256000	           0	    15625000
 256000	    15625000	    15625000
 256000	           0	    15625000
 256000	    15625000	    15625000
 256000	    15625000	           0
 256000	    15625000	    15625000
 256000	    15625000	    15625000
 256000	           0	    15625000
 256000	    15625000	    15625000
 256000	    15625000	           0
 256000	    15625000	    15625000
 256000	    15625000	    15625000
 256000	           0	    15625000
 256000	    15625000	    15625000
 256000	           0	    15625000
 256000	    15625000	    15625000
 256000	    15625000	    15625000
 256000	           0	    15625000
 256000	    15625000	    15625000
 256000	    15625000	           0
 256000	    15625000	    15625000
 256000	    15625000	    15625000
 256000	           0	    15625000
 256000	    15625000	    15625000
 256000	           0	    15625000
 256000	    15625000	    15625000
 256000	    15625000	           0
 256000	    15625000	    15625000
 256000	    15625000	    15625000
 256000	           0	    15625000
 256000	    15625000	    15625000
 256000	    15625000	           0
 256000	    15625000	    15625000
 256000	    15625000	    15625000
 256000	           0	    15625000
 256000	    15625000	    15625000
 256000	           0	    15625000
 256000	    15625000	    15625000
 256000	    15625000	           0
 256000	    15625000	    15625000
 256000	    15625000	    15625000
 256000	           0	    15625000
 256000	    15625000	    15625000
 256000	    15625000	           0
 256000	    15625000	    15625000
 256000	    15625000	    15625000
 256000	           0	    15625000
 256000	    15625000	    15625000
 256000	           0	    15625000
 256000	    15625000	    15625000
 256000	    15625000	    15625000
 256000	           0	    15625000
 256000	           0	    15625000
 256000	    15625000	    15625000
 512000	    15625000	    31250000
 512000	    15625000	    31250000
 512000	    31250000	    15625000
 512000	    31250000	    31250000
 512000	    15625000	    31250000
 512000	    15625000	    31250000
 512000	    15625000	    31250000
 512000	    31250000	    15625000
 512000	    31250000	    15625000
 512000	    15625000	    31250000
 512000	    15625000	    31250000
 512000	    15625000	    31250000
 512000	    31250000	    15625000
 512000	    31250000	    31250000
 512000	    15625000	    31250000
 512000	    15625000	    31250000
 512000	    15625000	    31250000
 512000	    31250000	    15625000
 512000	    31250000	    15625000
 512000	    31250000	    31250000
 512000	    15625000	    31250000
 512000	    15625000	    31250000
 512000	    15625000	    31250000
 512000	    31250000	    15625000
 512000	    31250000	    15625000
 512000	    31250000	    31250000
 512000	    15625000	    31250000
 512000	    15625000	    31250000
 512000	    31250000	    15625000
 512000	    31250000	    15625000
 512000	    31250000	    31250000
 512000	    15625000	    31250000
 512000	    15625000	    31250000
 512000	    31250000	    15625000
 512000	    31250000	    15625000
 512000	    31250000	    15625000
 512000	    31250000	    31250000
 512000	    15625000	    31250000
 512000	    15625000	    31250000
 512000	    31250000	    15625000
 512000	    31250000	    15625000
 512000	    31250000	    15625000
 512000	    31250000	    31250000
 512000	    15625000	    31250000
 512000	    15625000	    31250000
 512000	    31250000	    15625000
 512000	    31250000	    15625000
 512000	    31250000	    15625000
 512000	    31250000	    31250000
 512000	    31250000	    15625000
 512000	    31250000	    15625000
 512000	    31250000	    31250000
 512000	    15625000	    31250000
 512000	    15625000	    31250000
 512000	    15625000	    31250000
 512000	    31250000	    15625000
 512000	    31250000	    31250000
 512000	    15625000	    31250000
 512000	    15625000	    31250000
 512000	    31250000	    15625000
 512000	    31250000	    15625000
 512000	    31250000	    31250000
 512000	    15625000	    31250000
 512000	    15625000	    31250000
 512000	    15625000	    31250000
 512000	    31250000	    15625000
 512000	    31250000	    15625000
 512000	    31250000	    31250000
 512000	    15625000	    31250000
 512000	    15625000	    31250000
 512000	    15625000	    31250000
 512000	    31250000	    15625000
 512000	    31250000	    15625000
 512000	    31250000	    31250000
 512000	    15625000	    31250000
 512000	    15625000	    31250000
 512000	    15625000	    31250000
 512000	    31250000	    15625000
 512000	    31250000	    15625000
 512000	    31250000	    31250000
 512000	    15625000	    31250000
 512000	    15625000	    31250000
 512000	    31250000	    15625000
 512000	    31250000	    15625000
 512000	    31250000	    15625000
 512000	    31250000	    31250000
 512000	    15625000	    31250000
 512000	    15625000	    31250000
 512000	    15625000	    31250000
 512000	    31250000	    15625000
 512000	    31250000	    15625000
 512000	    31250000	    31250000
 512000	    15625000	    31250000
 512000	    15625000	    31250000
 512000	    15625000	    31250000
 512000	    31250000	    15625000
 512000	    31250000	    15625000
 512000	    31250000	    31250000
 512000	    15625000	    31250000
 512000	    15625000	    31250000
1024000	    46875000	    46875000
1024000	    46875000	    62500000
1024000	    46875000	    46875000
1024000	    46875000	    46875000
1024000	    46875000	    62500000
1024000	    46875000	    46875000
1024000	    46875000	    46875000
1024000	    46875000	    62500000
1024000	    46875000	    46875000
1024000	    46875000	    46875000
1024000	    46875000	    62500000
1024000	    46875000	    46875000
1024000	    46875000	    46875000
1024000	    46875000	    62500000
1024000	    46875000	    46875000
1024000	    46875000	    46875000
1024000	    46875000	    62500000
1024000	    46875000	    46875000
1024000	    46875000	    46875000
1024000	    46875000	    62500000
1024000	    46875000	    46875000
1024000	    46875000	    46875000
1024000	    46875000	    62500000
1024000	    46875000	    46875000
1024000	    46875000	    46875000
1024000	    46875000	    62500000
1024000	    46875000	    46875000
1024000	    46875000	    46875000
1024000	    62500000	    46875000
1024000	    46875000	    46875000
1024000	    46875000	    46875000
1024000	    62500000	    46875000
1024000	    46875000	    46875000
1024000	    46875000	    46875000
1024000	    62500000	    46875000
1024000	    46875000	    46875000
1024000	    46875000	    62500000
1024000	    46875000	    46875000
1024000	    46875000	    46875000
1024000	    46875000	    62500000
1024000	    46875000	    46875000
1024000	    46875000	    46875000
1024000	    46875000	    62500000
1024000	    46875000	    46875000
1024000	    46875000	    46875000
1024000	    46875000	    62500000
1024000	    46875000	    46875000
1024000	    46875000	    46875000
1024000	    46875000	    62500000
1024000	    46875000	    46875000
1024000	    46875000	    46875000
1024000	    62500000	    46875000
1024000	    46875000	    46875000
1024000	    46875000	    46875000
1024000	    62500000	    46875000
1024000	    46875000	    46875000
1024000	    46875000	    46875000
1024000	    62500000	    46875000
1024000	    46875000	    46875000
1024000	    46875000	    46875000
1024000	    62500000	    46875000
1024000	    46875000	    46875000
1024000	    46875000	    46875000
1024000	    62500000	    46875000
1024000	    46875000	    46875000
1024000	    46875000	    46875000
1024000	    62500000	    46875000
1024000	    46875000	    46875000
1024000	    46875000	    62500000
1024000	    46875000	    46875000
1024000	    46875000	    46875000
1024000	    46875000	    62500000
1024000	    46875000	    46875000
1024000	    46875000	    46875000
1024000	    46875000	    62500000
1024000	    46875000	    46875000
1024000	    46875000	    46875000
1024000	    46875000	    62500000
1024000	    46875000	    46875000
1024000	    46875000	    46875000
1024000	    46875000	    62500000
1024000	    46875000	    46875000
1024000	    46875000	    46875000
1024000	    46875000	    46875000
1024000	    46875000	    46875000
1024000	    46875000	    46875000
1024000	    46875000	    62500000
1024000	    46875000	    46875000
1024000	    46875000	    46875000
1024000	    46875000	    62500000
1024000	    46875000	    46875000
1024000	    46875000	    31250000
1024000	    46875000	    46875000
1024000	    62500000	    46875000
1024000	    46875000	    46875000
1024000	    46875000	    46875000
1024000	    62500000	    46875000
1024000	    46875000	    46875000
1024000	    46875000	    46875000
1024000	    62500000	    46875000
2048000	    93750000	   109375000
2048000	    93750000	    93750000
2048000	    93750000	   109375000
2048000	    93750000	   109375000
2048000	    93750000	    93750000
2048000	    93750000	   109375000
2048000	    93750000	   109375000
2048000	    93750000	    93750000
2048000	    93750000	   109375000
2048000	    93750000	   109375000
2048000	    93750000	    93750000
2048000	    93750000	   109375000
2048000	    78125000	   109375000
2048000	    93750000	    93750000
2048000	   109375000	    93750000
2048000	    93750000	   109375000
2048000	    93750000	    93750000
2048000	   109375000	    93750000
2048000	    93750000	   109375000
2048000	    93750000	   109375000
2048000	    93750000	    93750000
2048000	   109375000	    93750000
2048000	    93750000	   109375000
2048000	    93750000	   109375000
2048000	    93750000	    93750000
2048000	    93750000	   109375000
2048000	    93750000	   109375000
2048000	    93750000	    93750000
2048000	    93750000	   109375000
2048000	    93750000	   109375000
2048000	    93750000	   109375000
2048000	    93750000	   109375000
2048000	    93750000	    93750000
2048000	   109375000	    93750000
2048000	    93750000	   109375000
2048000	    93750000	   109375000
2048000	    93750000	    93750000
2048000	    93750000	   109375000
2048000	    93750000	    93750000
2048000	   109375000	    93750000
2048000	    93750000	   125000000
2048000	    93750000	    93750000
2048000	   109375000	    93750000
2048000	    93750000	   109375000
2048000	    93750000	    93750000
2048000	   109375000	    93750000
2048000	    93750000	   109375000
2048000	    93750000	    93750000
2048000	   109375000	    93750000
2048000	    93750000	   109375000
2048000	    93750000	    93750000
2048000	   109375000	    93750000
2048000	    93750000	   109375000
2048000	    93750000	   109375000
2048000	    93750000	    93750000
2048000	    93750000	   109375000
2048000	    93750000	   109375000
2048000	    93750000	    93750000
2048000	    93750000	   109375000
2048000	    93750000	   109375000
2048000	    93750000	    93750000
2048000	   109375000	    93750000
2048000	    93750000	   109375000
2048000	    93750000	    93750000
2048000	   109375000	    93750000
2048000	    93750000	   109375000
2048000	    93750000	    93750000
2048000	   109375000	    93750000
2048000	    93750000	   109375000
2048000	    93750000	    93750000
2048000	   109375000	    93750000
2048000	    93750000	   109375000
2048000	    93750000	    93750000
2048000	   109375000	    93750000
2048000	    93750000	   109375000
2048000	    78125000	   109375000
2048000	    93750000	    93750000
2048000	    93750000	   109375000
2048000	    93750000	   109375000
2048000	    93750000	    93750000
2048000	    93750000	   109375000
2048000	    93750000	   109375000
2048000	    93750000	    93750000
2048000	   109375000	    93750000
2048000	    93750000	   109375000
2048000	    93750000	    93750000
2048000	   109375000	    93750000
2048000	    93750000	   109375000
2048000	    93750000	    93750000
2048000	    93750000	   109375000
2048000	    93750000	   109375000
2048000	    93750000	    93750000
2048000	   109375000	    93750000
2048000	    93750000	   109375000
2048000	    93750000	    93750000
2048000	   109375000	    93750000
2048000	    93750000	   109375000
2048000	   109375000	    93750000
2048000	    93750000	   109375000
2048000	    93750000	   109375000
4096000	   187500000	   203125000
4096000	   187500000	   203125000
4096000	   203125000	   203125000
4096000	   187500000	   203125000
4096000	   187500000	   203125000
4096000	   187500000	   203125000
4096000	   203125000	   203125000
4096000	   187500000	   203125000
4096000	   187500000	   203125000
4096000	   203125000	   203125000
4096000	   187500000	   203125000
4096000	   203125000	   187500000
4096000	   203125000	   203125000
4096000	   187500000	   203125000
4096000	   203125000	   203125000
4096000	   187500000	   203125000
4096000	   187500000	   203125000
4096000	   203125000	   203125000
4096000	   187500000	   203125000
4096000	   187500000	   203125000
4096000	   203125000	   203125000
4096000	   187500000	   203125000
4096000	   203125000	   187500000
4096000	   203125000	   203125000
4096000	   187500000	   203125000
4096000	   187500000	   203125000
4096000	   203125000	   203125000
4096000	   187500000	   203125000
4096000	   187500000	   203125000
4096000	   203125000	   203125000
4096000	   187500000	   203125000
4096000	   187500000	   203125000
4096000	   203125000	   187500000
4096000	   203125000	   203125000
4096000	   187500000	   203125000
4096000	   187500000	   203125000
4096000	   203125000	   203125000
4096000	   187500000	   203125000
4096000	   187500000	   203125000
4096000	   203125000	   203125000
4096000	   187500000	   203125000
4096000	   187500000	   203125000
4096000	   203125000	   203125000
4096000	   187500000	   203125000
4096000	   187500000	   203125000
4096000	   203125000	   187500000
4096000	   203125000	   203125000
4096000	   187500000	   203125000
4096000	   203125000	   203125000
4096000	   187500000	   203125000
4096000	   187500000	   203125000
4096000	   203125000	   203125000
4096000	   187500000	   203125000
4096000	   187500000	   203125000
4096000	   203125000	   203125000
4096000	   187500000	   203125000
4096000	   187500000	   203125000
4096000	   203125000	   187500000
4096000	   203125000	   203125000
4096000	   187500000	   203125000
4096000	   203125000	   203125000
4096000	   187500000	   203125000
4096000	   187500000	   203125000
4096000	   203125000	   203125000
4096000	   187500000	   203125000
4096000	   187500000	   218750000
4096000	   187500000	   203125000
4096000	   187500000	   203125000
4096000	   203125000	   203125000
4096000	   187500000	   203125000
4096000	   203125000	   187500000
4096000	   203125000	   203125000
4096000	   187500000	   203125000
4096000	   203125000	   203125000
4096000	   187500000	   203125000
4096000	   187500000	   203125000
4096000	   203125000	   187500000
4096000	   203125000	   203125000
4096000	   187500000	   203125000
4096000	   203125000	   187500000
4096000	   203125000	   203125000
4096000	   187500000	   203125000
4096000	   203125000	   187500000
4096000	   203125000	   203125000
4096000	   187500000	   203125000
4096000	   203125000	   187500000
4096000	   203125000	   203125000
4096000	   187500000	   203125000
4096000	   203125000	   187500000
4096000	   203125000	   203125000
4096000	   187500000	   218750000
4096000	   187500000	   203125000
4096000	   187500000	   203125000
4096000	   203125000	   187500000
4096000	   203125000	   203125000
4096000	   187500000	   203125000
4096000	   203125000	   187500000
4096000	   203125000	   203125000
4096000	   187500000	   203125000
4096000	   203125000	   187500000
8192000	   390625000	   406250000
8192000	   390625000	   406250000
8192000	   390625000	   406250000
8192000	   390625000	   406250000
8192000	   375000000	   406250000
8192000	   390625000	   406250000
8192000	   390625000	   390625000
8192000	   390625000	   390625000
8192000	   390625000	   390625000
8192000	   390625000	   406250000
8192000	   390625000	   406250000
8192000	   390625000	   390625000
8192000	   390625000	   406250000
8192000	   390625000	   406250000
8192000	   375000000	   406250000
8192000	   390625000	   406250000
8192000	   390625000	   406250000
8192000	   390625000	   390625000
8192000	   390625000	   406250000
8192000	   390625000	   406250000
8192000	   390625000	   406250000
8192000	   375000000	   406250000
8192000	   390625000	   406250000
8192000	   390625000	   390625000
8192000	   390625000	   406250000
8192000	   390625000	   406250000
8192000	   390625000	   406250000
8192000	   390625000	   406250000
8192000	   390625000	   406250000
8192000	   390625000	   406250000
8192000	   375000000	   406250000
8192000	   390625000	   406250000
8192000	   406250000	   406250000
8192000	   390625000	   406250000
8192000	   390625000	   406250000
8192000	   390625000	   390625000
8192000	   390625000	   406250000
8192000	   390625000	   406250000
8192000	   390625000	   390625000
8192000	   390625000	   406250000
8192000	   390625000	   406250000
8192000	   390625000	   406250000
8192000	   390625000	   390625000
8192000	   390625000	   406250000
8192000	   390625000	   406250000
8192000	   390625000	   406250000
8192000	   390625000	   390625000
8192000	   390625000	   406250000
8192000	   390625000	   406250000
8192000	   390625000	   406250000
8192000	   390625000	   406250000
8192000	   390625000	   406250000
8192000	   390625000	   390625000
8192000	   390625000	   406250000
8192000	   390625000	   406250000
8192000	   390625000	   390625000
8192000	   390625000	   406250000
8192000	   406250000	   406250000
8192000	   390625000	   437500000
8192000	   390625000	   406250000
8192000	   375000000	   406250000
8192000	   390625000	   406250000
8192000	   390625000	   390625000
8192000	   390625000	   406250000
8192000	   390625000	   390625000
8192000	   390625000	   406250000
8192000	   390625000	   406250000
8192000	   390625000	   390625000
8192000	   390625000	   406250000
8192000	   390625000	   406250000
8192000	   390625000	   406250000
8192000	   390625000	   390625000
8192000	   390625000	   406250000
8192000	   390625000	   406250000
8192000	   390625000	   406250000
8192000	   375000000	   406250000
8192000	   390625000	   406250000
8192000	   390625000	   406250000
8192000	   390625000	   390625000
8192000	   406250000	   406250000
8192000	   390625000	   406250000
8192000	   375000000	   406250000
8192000	   390625000	   406250000
8192000	   390625000	   406250000
8192000	   390625000	   390625000
8192000	   390625000	   406250000
8192000	   390625000	   406250000
8192000	   390625000	   390625000
8192000	   390625000	   406250000
8192000	   390625000	   406250000
8192000	   390625000	   406250000
8192000	   390625000	   390625000
8192000	   390625000	   406250000
8192000	   390625000	   406250000
8192000	   390625000	   390625000
8192000	   390625000	   406250000
8192000	   390625000	   406250000
8192000	   390625000	   406250000
8192000	   390625000	   390625000
8192000	   390625000	   406250000
Experiment finished: 4544378.0
