End of Run Costs
MLam	STLam
38834.02491343075	39498.68401566074
38442.0754026743	40106.71759346083
40023.505174251586	40978.855285106154
39906.681954236556	39822.1136319723
39751.26339632028	39942.02529484871
40040.794518946794	40643.96820824236
38978.48872962245	39183.25142380277
39032.03089922129	39406.07923146278
39336.53494998827	40542.34549410149
40173.69538037281	41230.187309189925
39885.175699759086	40241.30457345522
38387.24290420141	39406.586797118776
39411.48327505019	38660.34740744377
40953.49812286351	41346.475313254705
40041.90829823661	40355.7887443856
39950.485004513015	40397.12508270455
39405.23962383423	40506.07426744713
39389.18492922749	40517.12566154454
38751.08233105093	40624.96444129885
39837.13856368856	39691.37287488479
39712.41465077874	39450.696038114846
39466.03095132197	39883.89262549613
38719.44847772258	39959.426784428724
38843.2745998112	38831.605088462835
40359.28288748664	40252.12290993771
40286.051175620705	40274.02066050205
40035.831757601365	41101.10319220332
39468.26297458737	39494.37441584007
39142.79942805184	38795.144123721766
39402.228073476086	39374.8554093995
40947.594699162575	40363.601149148315
39136.09984114478	39352.53932356178
39223.84486367207	39262.348763208465
38690.03688547914	40181.44264648474
38571.37023959767	39634.79695519007
40349.89810119706	41329.072391835456
39138.38768448012	39598.40015704146
39127.44343629173	40039.29452528156
40157.10259146534	40705.716497685724
38659.57075178994	39966.19558614118
39739.27852378337	39689.47530361433
39307.071519563135	40061.80213459141
39245.606670781555	39704.76482483917
38464.28379231284	40167.401341708035
40076.543988631616	39716.40890330801
40568.47781739889	39195.61699821911
39438.50464919153	39909.708010613205
38987.17343198647	39163.02439117848
39090.3681088771	40589.834880673356
38111.995367449985	40161.446055082895
40020.29557843958	40703.03542065056
40038.42523961947	40753.32542027756
39975.416695024396	40249.36049557482
38813.373772559156	39972.74105327626
40112.01196371358	38966.91095671155
39543.19284686945	39021.70346878824
39074.495703462395	39469.14810542433
39385.45818912067	40205.18449846513
39492.01844957161	39690.965924576805
39923.67015645775	39650.58439514886
38872.70175297928	40398.86655134458
39120.676376580945	39258.22684098006
40442.34057622047	41055.624737840284
38096.532910980626	39793.44536288309
40266.445543812595	40483.47773434033
39664.13659199423	38961.95613017862
38613.138842604014	38928.84453587109
40165.80674402037	40109.75521470554
38308.558713510145	38890.62444550415
40137.30919881314	40298.6314203808
39259.89160197455	41288.09064062558
39362.987030627635	40953.692342616814
39723.82139231858	41332.18104218619
37842.3468631719	40084.26740591236
39887.92508987516	41036.08786237729
39631.595037148574	39318.45325750028
39026.349057659165	39682.57807830969
38309.78173364158	38835.24611374931
39065.753996619365	41220.373048127985
39139.90862522003	40641.59265301541
40410.869907704546	38629.876282143
39442.89777638385	38692.47935228955
38785.23630164022	40373.35368816103
40049.92466981154	40527.68303013647
39371.773893121426	39315.65416560448
39837.892045825596	39737.96621760871
40137.16845952678	39653.190857859045
40176.51305240337	39373.09460623991
39918.53931008681	40405.03337809307
39816.53420864977	38910.270887996216
39653.84943450329	40489.60045167948
39530.721870551795	39566.991456424534
39026.91872974366	40610.63288962039
39014.61386387268	40189.20463944479
40690.68355798042	40132.02002236901
39969.12730467592	38394.853977102786
39669.50915025008	40114.55090082826
39694.12450020469	39247.888747710254
39088.40898068849	40475.142765543555
39660.24062763905	40299.82216453939
Acceptance Rate
0.47	1.0
0.47	1.0
0.5	1.0
0.57	0.87
0.47	0.74
0.42	0.77
0.45	0.73
0.57	0.75
0.53	0.57
0.42	0.62
0.46	0.61
0.44	0.6
0.58	0.65
0.43	0.53
0.51	0.63
0.39	0.48
0.49	0.55
0.45	0.49
0.41	0.48
0.46	0.5
0.44	0.53
0.56	0.44
0.51	0.54
0.48	0.45
0.43	0.49
0.52	0.45
0.43	0.48
0.44	0.52
0.43	0.55
0.42	0.42
0.44	0.44
0.46	0.47
0.36	0.53
0.45	0.5
0.43	0.48
0.42	0.47
0.42	0.46
0.39	0.44
0.42	0.45
0.42	0.42
0.43	0.59
0.46	0.34
0.4	0.53
0.43	0.43
0.42	0.56
0.38	0.5
0.4	0.43
0.4	0.44
0.44	0.51
0.32	0.42
0.48	0.39
0.36	0.29
0.37	0.46
0.31	0.47
0.38	0.44
0.46	0.39
0.49	0.38
0.38	0.44
0.41	0.4
0.47	0.47
0.35	0.34
0.36	0.45
0.35	0.49
0.38	0.37
0.31	0.38
0.39	0.5
0.4	0.34
0.41	0.37
0.33	0.42
0.39	0.36
0.32	0.41
0.45	0.43
0.44	0.37
0.4	0.36
0.4	0.34
0.32	0.33
0.31	0.45
0.35	0.4
0.34	0.46
0.42	0.42
0.31	0.51
0.35	0.41
0.43	0.43
0.36	0.43
0.39	0.4
0.38	0.49
0.41	0.41
0.38	0.4
0.38	0.4
0.38	0.35
0.38	0.39
0.33	0.47
0.43	0.41
0.35	0.4
0.35	0.39
0.32	0.39
0.33	0.49
0.37	0.38
0.33	0.37
0.34	0.4
0.33	0.4
0.32	0.48
0.39	0.32
0.28	0.53
0.31	0.44
0.3	0.41
0.35	0.48
0.38	0.38
0.34	0.43
0.31	0.41
0.41	0.41
0.24	0.42
0.3	0.47
0.27	0.41
0.33	0.39
0.3	0.44
0.39	0.46
0.29	0.43
0.27	0.47
0.28	0.48
0.39	0.5
0.24	0.41
0.35	0.56
0.39	0.43
0.34	0.49
0.33	0.52
0.27	0.49
0.3	0.42
0.43	0.42
0.28	0.44
0.28	0.52
0.28	0.38
0.29	0.54
0.26	0.38
0.35	0.38
0.24	0.36
0.3	0.33
0.34	0.38
0.26	0.34
0.28	0.29
0.38	0.42
0.34	0.29
0.28	0.26
0.24	0.36
0.27	0.26
0.38	0.33
0.27	0.26
0.24	0.24
0.31	0.35
0.3	0.28
0.35	0.28
0.26	0.34
0.31	0.26
0.29	0.32
0.22	0.29
0.29	0.26
0.22	0.37
0.29	0.23
0.39	0.31
0.23	0.35
0.36	0.38
0.24	0.28
0.26	0.32
0.38	0.35
0.2	0.3
0.28	0.35
0.34	0.2
0.34	0.26
0.25	0.3
0.21	0.26
0.31	0.31
0.26	0.29
0.26	0.29
0.39	0.23
0.23	0.35
0.29	0.24
0.22	0.32
0.23	0.28
0.29	0.22
0.29	0.29
0.16	0.24
0.29	0.17
0.25	0.31
0.2	0.25
0.27	0.26
0.24	0.34
0.23	0.21
0.21	0.25
0.28	0.21
0.25	0.22
0.27	0.35
0.19	0.25
0.3	0.23
0.29	0.22
0.27	0.29
0.21	0.37
0.14	0.31
0.24	0.26
0.33	0.19
0.24	0.23
0.31	0.23
