End of Run Costs
MLam	STLam
25194.870842772027	24694.92499059709
24996.290910451607	24925.030200213863
24167.63551229421	23845.771928445247
24670.449057524198	24424.665031517623
24827.830446508644	25277.61074664898
24402.737078726517	24587.941089646298
25801.45039245424	25021.770657732177
25144.950034388352	23532.880382324103
24876.665433383605	24856.765536899762
26551.785857734158	24744.22146641583
24807.76536926002	24699.591297013325
25699.48299945252	24395.27928870332
25894.854690553617	24667.071614820474
26012.747628472003	24653.07402314842
24803.112272792197	24530.167086520585
26193.971741930836	24499.181046121503
26194.580479708842	24041.379428350512
24722.09732703805	24796.902013374154
26568.3792953076	25034.80391117235
25732.85427848533	25118.582762801358
25360.42712756115	24661.737385426983
25645.026354780584	25260.002791888768
25073.204876144457	24780.996732658234
25051.655755747648	25018.299152889496
24660.762939813005	24508.556540265025
24725.659406992098	24439.537769514147
25759.940482368696	25227.03824246741
24694.912463760924	23105.557550954883
25881.427193995107	24244.646652088097
24518.075788971528	23892.09720625073
25243.9145941364	25354.81584159166
25231.003939793376	24944.789640927673
24673.70410673132	24899.57791505581
24780.930995409137	24581.242921871715
24472.77393345426	23779.587187747045
26070.41199995656	23928.796263945493
24080.199786958245	24361.793070196254
24781.074057075188	23443.006754271144
23677.574883274625	25440.8776542931
23772.03548829559	25010.943430696727
24683.485633760327	25136.55339533904
25491.2050261605	24165.706772706944
25967.367332815178	25016.837252617763
25694.544396814654	25196.487792499272
26172.09694746287	24734.325741891415
26649.351976331138	25033.921341394293
24645.571233919385	24404.353456557834
24726.17302569739	23413.672523644233
25572.55265221304	23954.30914199386
24256.654196325937	24189.23948176996
27036.092392203234	24633.869811496214
25351.997306431775	25216.137942651578
26459.301998489023	24683.133408855334
24799.996448285332	24146.839265350445
25664.392607110283	24711.195580015374
25769.871667904106	24914.32368994764
24797.029550524	25379.307916622634
25428.971029690965	25643.92053897818
25385.040745473347	24424.83639332645
25962.785333252854	24421.06070617676
24742.799554433364	25088.71244220739
25584.387973347548	24633.121700456726
24517.87131849577	25264.231212359417
24700.682720659435	24509.16573695557
24277.752467028848	24875.663840248406
25445.2440094299	24548.103937802625
24987.51107871258	24113.639218416363
25062.224824429522	25022.75230722354
26655.07986322855	24573.038197917514
25434.243958279756	24910.47611980205
25064.173319443424	24823.91070117792
25526.009550163926	24697.106770582475
24710.441029484795	24132.692883362724
25242.294680682124	25324.24301662613
24623.510836899466	25785.015766386958
24221.87353733142	25499.699625869296
25214.757561773276	25607.32006218913
26093.441284775537	24244.2350702926
24726.84756046989	24685.152764897928
25601.905656210616	24300.95661798549
25696.697725568636	24795.043793903966
24553.938704867844	24582.297021571136
26272.553209038448	23938.48712433905
25372.93029621372	25230.575679845264
25515.771381207516	24356.211545743074
25215.61101941511	25443.24749171249
25307.522050920197	24948.94306526812
25964.973659213185	25019.288159743337
25237.844033685436	25011.23814754906
26309.701480222375	25027.57434347353
24982.647649234834	24680.22944180294
24327.69857946795	24040.43045793061
24991.789037735423	24347.30700925642
24872.50755725161	24515.616672162017
25503.92683520164	25082.68216004782
24461.815102798468	24848.627972043538
25369.77865630554	25086.310984646814
25484.316316913384	24773.948824663523
24655.5354783854	24925.172776586467
25091.919493967398	25217.6814200348
Acceptance Rate
0.58	1.0
0.47	0.8
0.55	0.68
0.46	0.68
0.42	0.62
0.48	0.54
0.38	0.59
0.39	0.57
0.57	0.47
0.45	0.56
0.41	0.6
0.35	0.59
0.44	0.46
0.37	0.53
0.31	0.5
0.44	0.48
0.43	0.4
0.38	0.5
0.4	0.41
0.32	0.33
0.35	0.5
0.32	0.38
0.38	0.48
0.33	0.47
0.33	0.46
0.36	0.39
0.35	0.48
0.26	0.47
0.31	0.35
0.33	0.37
0.26	0.37
0.31	0.44
0.27	0.45
0.28	0.41
0.33	0.4
0.24	0.49
0.22	0.44
0.35	0.42
0.24	0.41
0.26	0.41
0.3	0.41
0.25	0.49
0.27	0.44
0.28	0.45
0.31	0.4
0.27	0.36
0.38	0.4
0.27	0.43
0.21	0.39
0.23	0.48
0.24	0.53
0.32	0.44
0.26	0.42
0.33	0.5
0.31	0.38
0.31	0.41
0.23	0.35
0.24	0.39
0.3	0.45
0.29	0.41
0.26	0.28
0.29	0.46
0.39	0.42
0.32	0.48
0.28	0.41
0.38	0.46
0.27	0.4
0.27	0.33
0.26	0.45
0.28	0.56
0.3	0.37
0.31	0.48
0.29	0.38
0.38	0.42
0.34	0.37
0.32	0.44
0.38	0.52
0.41	0.39
0.45	0.5
0.36	0.44
0.4	0.47
0.54	0.49
0.5	0.38
0.39	0.44
0.54	0.43
0.46	0.49
0.54	0.53
0.5	0.42
0.6	0.46
0.5	0.36
0.55	0.44
0.59	0.43
0.5	0.47
0.57	0.47
0.38	0.45
0.59	0.4
0.5	0.46
0.43	0.54
0.54	0.42
0.52	0.42
0.5	0.4
0.52	0.47
0.46	0.49
0.39	0.34
0.46	0.36
0.47	0.51
0.5	0.45
0.46	0.48
0.54	0.44
0.45	0.43
0.43	0.41
0.41	0.52
0.42	0.47
0.45	0.5
0.4	0.4
0.39	0.51
0.42	0.46
0.42	0.46
0.43	0.47
0.36	0.46
0.47	0.45
0.42	0.33
0.34	0.35
0.4	0.42
0.47	0.47
0.42	0.36
0.46	0.37
0.47	0.48
0.46	0.44
0.44	0.51
0.47	0.49
0.44	0.39
0.4	0.42
0.4	0.37
0.45	0.22
0.39	0.33
0.39	0.3
0.4	0.27
0.53	0.24
0.4	0.18
0.36	0.17
0.34	0.21
0.36	0.23
0.38	0.22
0.34	0.25
0.34	0.21
0.3	0.19
0.27	0.16
0.28	0.19
0.37	0.17
0.26	0.23
0.37	0.18
0.31	0.25
0.25	0.18
0.25	0.21
0.25	0.17
0.29	0.1
0.24	0.25
0.36	0.28
0.31	0.17
0.21	0.1
0.28	0.18
0.24	0.24
0.21	0.15
0.27	0.17
0.23	0.18
0.23	0.17
0.16	0.24
0.16	0.11
0.22	0.05
0.2	0.14
0.22	0.21
0.16	0.1
0.21	0.18
0.24	0.13
0.2	0.11
0.17	0.1
0.14	0.16
0.18	0.19
0.22	0.15
0.2	0.15
0.19	0.14
0.22	0.14
0.15	0.15
0.18	0.15
0.21	0.12
0.11	0.17
0.17	0.13
0.15	0.12
0.19	0.16
0.18	0.15
0.15	0.15
0.14	0.1
0.14	0.13
0.14	0.14
0.13	0.14
0.17	0.16
0.11	0.12
0.09	0.23
0.17	0.11
0.22	0.1
